101
   0.00379196    2.60068884
   0.00392501    2.60594894
   0.00454673    2.61312996
   0.00600681    2.62213653
   0.00874828    2.63279552
   0.01330569    2.64481671
   0.02026402    2.65774820
   0.02963636    2.67131743
   0.04075606    2.68579674
   0.05312298    2.70150049
   0.06672511    2.71840085
   0.08170443    2.73633911
   0.09820464    2.75514147
   0.11629321    2.77468787
   0.13597529    2.79490892
   0.15727685    2.81571209
   0.18024636    2.83697622
   0.20490982    2.85859571
   0.23128447    2.88046832
   0.25938351    2.90249055
   0.28920388    2.92457423
   0.32072301    2.94665473
   0.35391657    2.96866936
   0.38875334    2.99056629
   0.42519469    3.01230694
   0.46321715    3.03382806
   0.50281800    3.05502558
   0.54400092    3.07577353
   0.58677030    3.09593006
   0.63113123    3.11533204
   0.67707378    3.13382702
   0.72457071    3.15128254
   0.77358419    3.16757480
   0.82406608    3.18259080
   0.87596467    3.19620847
   0.92922787    3.20827570
   0.98380233    3.21859253
   1.03962700    3.22689940
   1.09662304    3.23288253
   1.15467730    3.23603570
   1.21362864    3.23596735
   1.27325791    3.23268488
   1.33327410    3.22521561
   1.39331609    3.21339763
   1.45299328    3.19702810
   1.51190738    3.17604619
   1.56965879    3.15045948
   1.62588398    3.12038604
   1.68030885    3.08608818
   1.73276433    3.04792559
   1.78315728    3.00627515
   1.83145563    2.96150397
   1.87768589    2.91397065
   1.92192821    2.86402000
   1.96428373    2.81195721
   2.00486436    2.75804942
   2.04379720    2.70253768
   2.08121000    2.64563249
   2.11722150    2.58751396
   2.15194246    2.52833832
   2.18547831    2.46824374
   2.21790825    2.40734252
   2.24927546    2.34572008
   2.27962468    2.28345756
   2.30902600    2.22064342
   2.33753847    2.15735598
   2.36518878    2.09365536
   2.39201063    2.02960213
   2.41806693    1.96526646
   2.44341734    1.90071435
   2.46807775    1.83599228
   2.49206964    1.77114776
   2.51543770    1.70623562
   2.53821597    1.64130528
   2.56043704    1.57640439
   2.58213963    1.51158157
   2.60335443    1.44688159
   2.62411327    1.38234896
   2.64444860    1.31802762
   2.66438401    1.25395811
   2.68393847    1.19017902
   2.70313997    1.12673127
   2.72202075    1.06365665
   2.74060858    1.00099528
   2.75890268    0.93877858
   2.77689966    0.87703714
   2.79461225    0.81580615
   2.81204091    0.75511720
   2.82918053    0.69500022
   2.84604458    0.63549037
   2.86264201    0.57662145
   2.87894975    0.51841821
   2.89496653    0.46091155
   2.91071977    0.40414028
   2.92619649    0.34813194
   2.94136315    0.29290843
   2.95622332    0.23850192
   2.97078907    0.18494682
   2.98503788    0.13226814
   2.99895357    0.08049263
   3.01252650    0.02965050
101
   0.00379196    2.60068884
   0.00385411    2.59658522
   0.00421068    2.59097558
   0.00508216    2.58391307
   0.00671541    2.57548412
   0.00942815    2.56582828
   0.01358972    2.55515636
   0.01957203    2.54377797
   0.02768520    2.53208470
   0.03781032    2.52022902
   0.04951853    2.50801202
   0.06257645    2.49529504
   0.07702368    2.48218320
   0.09292046    2.46881582
   0.11028841    2.45529988
   0.12911590    2.44170694
   0.14937245    2.42808235
   0.17102644    2.41446585
   0.19404469    2.40089072
   0.21838205    2.38736458
   0.24398577    2.37387373
   0.27081050    2.36040970
   0.29881613    2.34696810
   0.32795992    2.33353349
   0.35819717    2.32008070
   0.38948326    2.30657911
   0.42177892    2.29300591
   0.45505265    2.27935384
   0.48927677    2.26562324
   0.52442451    2.25181569
   0.56047288    2.23794168
   0.59740231    2.22402051
   0.63519506    2.21007675
   0.67382908    2.19612372
   0.71327738    2.18216068
   0.75350911    2.16817512
   0.79449339    2.15415289
   0.83619741    2.14007294
   0.87858512    2.12590320
   0.92161111    2.11158227
   0.96522567    2.09703491
   1.00938566    2.08220588
   1.05405223    2.06705379
   1.09918198    2.05152551
   1.14472544    2.03555304
   1.19063081    2.01906585
   1.23684758    2.00200214
   1.28332415    1.98430248
   1.33000057    1.96589225
   1.37681117    1.94669081
   1.42369094    1.92662859
   1.47057172    1.90563844
   1.51737778    1.88364677
   1.56402941    1.86058337
   1.61044618    1.83638840
   1.65654916    1.81101585
   1.70226397    1.78443683
   1.74752086    1.75663735
   1.79225834    1.72762210
   1.83641832    1.69740389
   1.87995057    1.66600843
   1.92282002    1.63348212
   1.96499001    1.59986703
   2.00641664    1.56519513
   2.04706144    1.52950439
   2.08690036    1.49284806
   2.12591070    1.45527842
   2.16406497    1.41684074
   2.20134053    1.37758363
   2.23771971    1.33755868
   2.27320581    1.29683295
   2.30780174    1.25547023
   2.34150844    1.21352977
   2.37433466    1.17107412
   2.40630061    1.12817138
   2.43742314    1.08488375
   2.46773376    1.04128042
   2.49728043    0.99743778
   2.52610010    0.95342077
   2.55421806    0.90928458
   2.58166235    0.86508393
   2.60846952    0.82087667
   2.63467112    0.77671527
   2.66029135    0.73264608
   2.68534761    0.68871078
   2.70985081    0.64494648
   2.73380244    0.60138407
   2.75720705    0.55805590
   2.78007829    0.51499900
   2.80241056    0.47223936
   2.82417445    0.42979092
   2.84539140    0.38769369
   2.86610596    0.34599840
   2.88628481    0.30471655
   2.90589240    0.26385915
   2.92496115    0.22346990
   2.94351744    0.18358889
   2.96155785    0.14424183
   2.97908445    0.10545679
   2.99609263    0.06725875
   3.01252650    0.02965050
