  0.0000000E+00  2.0000000E-02  3.9999999E-02  5.9999999E-02  7.9999998E-02
  0.1000000      0.1200000      0.1400000      0.1600000      0.1800000    
  0.2000000      0.2200000      0.2400000      0.2600000      0.2800000    
  0.3000000      0.3200000      0.3400000      0.3600000      0.3800000    
  0.4000000      0.4200000      0.4400000      0.4600000      0.4800000    
  0.5000000      0.5200000      0.5400000      0.5600000      0.5800000    
  0.6000000      0.6200000      0.6400000      0.6600000      0.6800000    
  0.7000000      0.7200000      0.7400000      0.7600000      0.7800000    
  0.8000000      0.8200000      0.8400000      0.8600000      0.8800000    
  0.9000000      0.9200000      0.9400000      0.9600000      0.9800000    
   1.000000    
   1.000000      0.9999999      0.9999999      0.9999998      0.9999998    
  0.9999996      0.9999982      0.9999905      0.9999576      0.9998371    
  0.9994534      0.9983788      0.9957085      0.9897746      0.9779068    
  0.9564316      0.9211169      0.8681449      0.7954382      0.7038817    
  0.5978689      0.4847885      0.3735030      0.2723344      0.1872941    
  0.1211517      7.3529176E-02  4.1780822E-02  2.2183070E-02  1.0984356E-02
  5.0631971E-03  2.1684086E-03  8.6108490E-04  3.1636667E-04  1.0728292E-04
  3.3488650E-05  9.5933665E-06  2.5132817E-06  5.9974536E-07  1.2975410E-07
  2.5311611E-08  4.4231121E-09  6.8695793E-10  9.3917513E-11  1.1167692E-11
  1.1374135E-12  9.7236408E-14  6.7862281E-15  3.7132289E-16  1.4939241E-17
  3.9297110E-19
  0.0000000E+00  2.0000000E-02  3.9999999E-02  5.9999999E-02  7.9999998E-02
  0.1000000      0.1200000      0.1400000      0.1600000      0.1800000    
  0.2000000      0.2200000      0.2400000      0.2600000      0.2800000    
  0.3000000      0.3200000      0.3400000      0.3600000      0.3800000    
  0.4000000      0.4200000      0.4400000      0.4600000      0.4800000    
  0.5000000      0.5200000      0.5400000      0.5600000      0.5800000    
  0.6000000      0.6200000      0.6400000      0.6600000      0.6800000    
  0.7000000      0.7200000      0.7400000      0.7600000      0.7800000    
  0.8000000      0.8200000      0.8400000      0.8600000      0.8800000    
  0.9000000      0.9200000      0.9400000      0.9600000      0.9800000    
   1.000000    
   1.000000      0.9999999      0.9999999      0.9999998      0.9999998    
  0.9999996      0.9999982      0.9999905      0.9999576      0.9998371    
  0.9994534      0.9983788      0.9957085      0.9897746      0.9779068    
  0.9564316      0.9211169      0.8681449      0.7954382      0.7038817    
  0.5978689      0.4847885      0.3735030      0.2723344      0.1872941    
  0.1211517      7.3529176E-02  4.1780822E-02  2.2183070E-02  1.0984356E-02
  5.0631971E-03  2.1684086E-03  8.6108490E-04  3.1636667E-04  1.0728292E-04
  3.3488650E-05  9.5933665E-06  2.5132817E-06  5.9974536E-07  1.2975410E-07
  2.5311611E-08  4.4231121E-09  6.8695793E-10  9.3917513E-11  1.1167692E-11
  1.1374135E-12  9.7236408E-14  6.7862281E-15  3.7132289E-16  1.4939241E-17
  3.9297110E-19
