1.000000000000000021e-02 5.000000000000000278e-02 9.236240133255099849e+00 3.000000000000000000e+00 1.000000000000000000e+05 8.700640000000000438e-06 7.093129999999999671e-07 5.300000000000000000e+01 3.700000000000000000e+01
1.000000000000000021e-02 1.000000000000000056e-01 8.921714166644960642e+00 3.000000000000000000e+00 1.000000000000000000e+05 1.192670000000000051e-05 7.047740000000000348e-07 5.300000000000000000e+01 3.700000000000000000e+01
1.000000000000000021e-02 1.500000000000000222e-01 6.937589166685938835e+00 1.000000000000000000e+00 7.940000000000000000e+04 1.378000000000000020e-05 1.182019999999999992e-06 5.300000000000000000e+01 3.700000000000000000e+01
1.000000000000000021e-02 2.000000000000000111e-01 9.041940500028431416e+00 3.000000000000000000e+00 1.000000000000000000e+05 1.699140000000000134e-05 7.137009999999999664e-07 5.300000000000000000e+01 3.700000000000000000e+01
1.000000000000000021e-02 2.500000000000000000e-01 8.864058933376023575e+00 3.000000000000000000e+00 1.000000000000000000e+05 1.910129999999999955e-05 7.094910000000000101e-07 5.300000000000000000e+01 3.700000000000000000e+01
1.000000000000000021e-02 2.999999999999999889e-01 7.081961866662216387e+00 1.000000000000000000e+00 7.835000000000000000e+04 1.999549999999999855e-05 1.178280000000000093e-06 5.300000000000000000e+01 3.700000000000000000e+01
1.000000000000000021e-02 3.500000000000000333e-01 6.989045699941925704e+00 1.000000000000000000e+00 7.805000000000000000e+04 2.182549999999999966e-05 1.195319999999999933e-06 5.300000000000000000e+01 3.700000000000000000e+01
1.000000000000000021e-02 4.000000000000000222e-01 6.854408333310857415e+00 1.000000000000000000e+00 7.775000000000000000e+04 2.349310000000000043e-05 1.180740000000000023e-06 5.300000000000000000e+01 3.700000000000000000e+01
1.000000000000000021e-02 4.500000000000000111e-01 7.141228433349169791e+00 1.000000000000000000e+00 7.765000000000000000e+04 2.521389999999999927e-05 1.188079999999999982e-06 5.300000000000000000e+01 3.700000000000000000e+01
1.000000000000000021e-02 5.000000000000000000e-01 7.049126433325000107e+00 1.000000000000000000e+00 7.755000000000000000e+04 2.677520000000000074e-05 1.164830000000000035e-06 5.300000000000000000e+01 3.700000000000000000e+01
1.544452104946378995e-02 5.000000000000000278e-02 8.965265566638359829e+00 3.000000000000000000e+00 1.000000000000000000e+05 1.645439999999999953e-05 6.244109999999999921e-07 5.300000000000000000e+01 3.700000000000000000e+01
1.544452104946378995e-02 1.000000000000000056e-01 8.947528800034584506e+00 3.000000000000000000e+00 1.000000000000000000e+05 2.120229999999999858e-05 6.523219999999999566e-07 5.300000000000000000e+01 3.700000000000000000e+01
1.544452104946378995e-02 1.500000000000000222e-01 8.962723833314763411e+00 3.000000000000000000e+00 1.000000000000000000e+05 2.526199999999999971e-05 6.800129999999999893e-07 5.300000000000000000e+01 3.700000000000000000e+01
1.544452104946378995e-02 2.000000000000000111e-01 9.070312433294020593e+00 3.000000000000000000e+00 1.000000000000000000e+05 2.889040000000000041e-05 7.324450000000000448e-07 5.300000000000000000e+01 3.700000000000000000e+01
1.544452104946378995e-02 2.500000000000000000e-01 9.157942800006518169e+00 3.000000000000000000e+00 1.000000000000000000e+05 3.211399999999999780e-05 7.772380000000000410e-07 5.300000000000000000e+01 3.700000000000000000e+01
1.544452104946378995e-02 2.999999999999999889e-01 9.229690133322341339e+00 3.000000000000000000e+00 1.000000000000000000e+05 3.514519999999999683e-05 8.203909999999999774e-07 5.300000000000000000e+01 3.700000000000000000e+01
1.544452104946378995e-02 3.500000000000000333e-01 8.650784333352930844e+00 1.000000000000000000e+00 9.715000000000000000e+04 3.781770000000000216e-05 8.698829999999999815e-07 5.300000000000000000e+01 3.700000000000000000e+01
1.544452104946378995e-02 4.000000000000000222e-01 8.386054733341248735e+00 1.000000000000000000e+00 9.250000000000000000e+04 4.023929999999999944e-05 9.118679999999999700e-07 5.300000000000000000e+01 3.700000000000000000e+01
1.544452104946378995e-02 4.500000000000000111e-01 8.234545933315530419e+00 1.000000000000000000e+00 8.890000000000000000e+04 4.258369999999999685e-05 9.548030000000000299e-07 5.300000000000000000e+01 3.700000000000000000e+01
1.544452104946378995e-02 5.000000000000000000e-01 7.903317033313214779e+00 1.000000000000000000e+00 8.530000000000000000e+04 4.478149999999999807e-05 9.947079999999999892e-07 5.300000000000000000e+01 3.700000000000000000e+01
2.385332304473300816e-02 5.000000000000000278e-02 9.175653366643624409e+00 3.000000000000000000e+00 1.000000000000000000e+05 2.818320000000000149e-05 7.038610000000000318e-07 5.300000000000000000e+01 3.700000000000000000e+01
2.385332304473300816e-02 1.000000000000000056e-01 8.116925566690042615e+00 1.000000000000000000e+00 9.040000000000000000e+04 3.451469999999999668e-05 7.822489999999999791e-07 5.300000000000000000e+01 3.700000000000000000e+01
2.385332304473300816e-02 1.500000000000000222e-01 7.704663499995755949e+00 1.000000000000000000e+00 8.450000000000000000e+04 4.027130000000000184e-05 9.124009999999999656e-07 5.300000000000000000e+01 3.700000000000000000e+01
2.385332304473300816e-02 2.000000000000000111e-01 7.257668666657991707e+00 1.000000000000000000e+00 7.980000000000000000e+04 4.549299999999999964e-05 1.034389999999999934e-06 5.300000000000000000e+01 3.700000000000000000e+01
2.385332304473300816e-02 2.500000000000000000e-01 6.950671300020379029e+00 1.000000000000000000e+00 7.605000000000000000e+04 5.030079999999999789e-05 1.130619999999999943e-06 5.300000000000000000e+01 3.700000000000000000e+01
2.385332304473300816e-02 2.999999999999999889e-01 6.636796999994355239e+00 1.000000000000000000e+00 7.300000000000000000e+04 5.474519999999999891e-05 1.224040000000000100e-06 5.300000000000000000e+01 3.700000000000000000e+01
2.385332304473300816e-02 3.500000000000000333e-01 6.118842200026847422e+00 1.000000000000000000e+00 6.970000000000000000e+04 5.889159999999999702e-05 1.308449999999999941e-06 5.300000000000000000e+01 3.700000000000000000e+01
2.385332304473300816e-02 4.000000000000000222e-01 5.904069033334963024e+00 1.000000000000000000e+00 6.660000000000000000e+04 6.278600000000000500e-05 1.380090000000000071e-06 5.300000000000000000e+01 3.700000000000000000e+01
2.385332304473300816e-02 4.500000000000000111e-01 5.709201933311608634e+00 1.000000000000000000e+00 6.445000000000000000e+04 6.644750000000000374e-05 1.449089999999999961e-06 5.300000000000000000e+01 3.700000000000000000e+01
2.385332304473300816e-02 5.000000000000000000e-01 5.582344833334597745e+00 1.000000000000000000e+00 6.205000000000000000e+04 6.996649999999999495e-05 1.511179999999999904e-06 5.300000000000000000e+01 3.700000000000000000e+01
3.684031498640386731e-02 5.000000000000000278e-02 8.738129533400448068e+00 3.000000000000000000e+00 1.000000000000000000e+05 4.408929999999999815e-05 2.087909999999999801e-06 5.300000000000000000e+01 3.700000000000000000e+01
3.684031498640386731e-02 1.000000000000000056e-01 5.796619166620075703e+00 1.000000000000000000e+00 6.545000000000000000e+04 5.386830000000000058e-05 1.165630000000000095e-06 5.300000000000000000e+01 3.700000000000000000e+01
3.684031498640386731e-02 1.500000000000000222e-01 5.378157766691098907e+00 1.000000000000000000e+00 6.100000000000000000e+04 6.264900000000000275e-05 1.357669999999999954e-06 5.300000000000000000e+01 3.700000000000000000e+01
3.684031498640386731e-02 2.000000000000000111e-01 5.053216333307015695e+00 1.000000000000000000e+00 5.735000000000000000e+04 7.067539999999999760e-05 1.545179999999999917e-06 5.300000000000000000e+01 3.700000000000000000e+01
3.684031498640386731e-02 2.500000000000000000e-01 4.842347433324903250e+00 1.000000000000000000e+00 5.480000000000000000e+04 7.821410000000000049e-05 1.718399999999999929e-06 5.300000000000000000e+01 3.700000000000000000e+01
3.684031498640386731e-02 2.999999999999999889e-01 4.651501266712632976e+00 1.000000000000000000e+00 5.245000000000000000e+04 8.507829999999999484e-05 1.866570000000000071e-06 5.300000000000000000e+01 3.700000000000000000e+01
3.684031498640386731e-02 3.500000000000000333e-01 4.496755733309934833e+00 1.000000000000000000e+00 5.030000000000000000e+04 9.160839999999999522e-05 1.999410000000000140e-06 5.300000000000000000e+01 3.700000000000000000e+01
3.684031498640386731e-02 4.000000000000000222e-01 4.241970933314102687e+00 1.000000000000000000e+00 4.810000000000000000e+04 9.768300000000000648e-05 2.120059999999999993e-06 5.300000000000000000e+01 3.700000000000000000e+01
3.684031498640386731e-02 4.500000000000000111e-01 4.106274566651943125e+00 1.000000000000000000e+00 4.640000000000000000e+04 1.034009999999999948e-04 2.234200000000000141e-06 5.300000000000000000e+01 3.700000000000000000e+01
3.684031498640386731e-02 5.000000000000000000e-01 3.992255933311147142e+00 1.000000000000000000e+00 4.470000000000000000e+04 1.088979999999999999e-04 2.334609999999999913e-06 5.300000000000000000e+01 3.700000000000000000e+01
5.689810202763907754e-02 5.000000000000000278e-02 1.540559300027477319e+00 2.000000000000000000e+00 1.640000000000000000e+04 9.732709999999999582e+02 4.940859999999999808e+00 5.300000000000000000e+01 3.700000000000000000e+01
5.689810202763907754e-02 1.000000000000000056e-01 4.214363900052073397e+00 1.000000000000000000e+00 4.735000000000000000e+04 8.377890000000000521e-05 1.741889999999999936e-06 5.300000000000000000e+01 3.700000000000000000e+01
5.689810202763907754e-02 1.500000000000000222e-01 4.042779000010341406e+00 1.000000000000000000e+00 4.400000000000000000e+04 9.736140000000000603e-05 2.051749999999999880e-06 5.300000000000000000e+01 3.700000000000000000e+01
5.689810202763907754e-02 2.000000000000000111e-01 3.865558566680798780e+00 1.000000000000000000e+00 4.170000000000000000e+04 1.098529999999999933e-04 2.360300000000000085e-06 5.300000000000000000e+01 3.700000000000000000e+01
5.689810202763907754e-02 2.500000000000000000e-01 3.529253733344376087e+00 1.000000000000000000e+00 3.960000000000000000e+04 1.214249999999999970e-04 2.637480000000000030e-06 5.300000000000000000e+01 3.700000000000000000e+01
5.689810202763907754e-02 2.999999999999999889e-01 3.423813733311059426e+00 1.000000000000000000e+00 3.790000000000000000e+04 1.322329999999999925e-04 2.882049999999999791e-06 5.300000000000000000e+01 3.700000000000000000e+01
5.689810202763907754e-02 3.500000000000000333e-01 3.257383033361596514e+00 1.000000000000000000e+00 3.635000000000000000e+04 1.423349999999999984e-04 3.101319999999999980e-06 5.300000000000000000e+01 3.700000000000000000e+01
5.689810202763907754e-02 4.000000000000000222e-01 3.132974166694717955e+00 1.000000000000000000e+00 3.490000000000000000e+04 1.518509999999999934e-04 3.300010000000000021e-06 5.300000000000000000e+01 3.700000000000000000e+01
5.689810202763907754e-02 4.500000000000000111e-01 3.142592300001221250e+00 1.000000000000000000e+00 3.375000000000000000e+04 1.608670000000000033e-04 3.494730000000000166e-06 5.300000000000000000e+01 3.700000000000000000e+01
5.689810202763907754e-02 5.000000000000000000e-01 3.084630100017724086e+00 1.000000000000000000e+00 3.260000000000000000e+04 1.702349999999999990e-04 3.663620000000000085e-06 5.300000000000000000e+01 3.700000000000000000e+01
8.787639344404100938e-02 5.000000000000000278e-02 4.811448333008835898e-01 2.000000000000000000e+00 3.900000000000000000e+03 3.850959999999999845e+24 nan 5.300000000000000000e+01 3.700000000000000000e+01
8.787639344404100938e-02 1.000000000000000056e-01 1.474233433293799633e+00 2.000000000000000000e+00 1.485000000000000000e+04 7.449890000000000678e-02 4.662280000000000417e-03 5.300000000000000000e+01 3.700000000000000000e+01
8.787639344404100938e-02 1.500000000000000222e-01 2.981673566663327168e+00 1.000000000000000000e+00 3.195000000000000000e+04 1.511940000000000029e-04 3.143060000000000194e-06 5.300000000000000000e+01 3.700000000000000000e+01
8.787639344404100938e-02 2.000000000000000111e-01 2.847413633329173077e+00 1.000000000000000000e+00 3.035000000000000000e+04 1.706169999999999963e-04 3.644359999999999951e-06 5.300000000000000000e+01 3.700000000000000000e+01
8.787639344404100938e-02 2.500000000000000000e-01 2.768977700034156442e+00 1.000000000000000000e+00 2.885000000000000000e+04 1.886889999999999954e-04 4.092579999999999871e-06 5.300000000000000000e+01 3.700000000000000000e+01
8.787639344404100938e-02 2.999999999999999889e-01 2.601771666629550506e+00 1.000000000000000000e+00 2.765000000000000000e+04 2.054050000000000027e-04 4.492250000000000061e-06 5.300000000000000000e+01 3.700000000000000000e+01
8.787639344404100938e-02 3.500000000000000333e-01 2.490816633294647087e+00 1.000000000000000000e+00 2.665000000000000000e+04 2.213030000000000054e-04 4.855179999999999990e-06 5.300000000000000000e+01 3.700000000000000000e+01
8.787639344404100938e-02 4.000000000000000222e-01 2.414929200041418422e+00 1.000000000000000000e+00 2.560000000000000000e+04 2.361099999999999874e-04 5.188989999999999933e-06 5.300000000000000000e+01 3.700000000000000000e+01
8.787639344404100938e-02 4.500000000000000111e-01 2.342835966691685368e+00 1.000000000000000000e+00 2.475000000000000000e+04 2.505869999999999777e-04 5.496760000000000206e-06 5.300000000000000000e+01 3.700000000000000000e+01
8.787639344404100938e-02 5.000000000000000000e-01 2.298265700034486603e+00 1.000000000000000000e+00 2.395000000000000000e+04 2.666670000000000000e-04 5.768339999999999731e-06 5.300000000000000000e+01 3.700000000000000000e+01
1.357208808297453162e-01 5.000000000000000278e-02 2.413699333167945438e-01 2.000000000000000000e+00 1.200000000000000000e+03 1.118320000000000008e-01 1.639250000000000082e-02 5.300000000000000000e+01 3.700000000000000000e+01
1.357208808297453162e-01 1.000000000000000056e-01 3.041491666808724403e-01 2.000000000000000000e+00 2.050000000000000000e+03 4.098610000000000001e+25 nan 5.300000000000000000e+01 3.700000000000000000e+01
1.357208808297453162e-01 1.500000000000000222e-01 6.017797999860098335e-01 2.000000000000000000e+00 5.200000000000000000e+03 9.969590000000000396e-02 7.958810000000000190e-03 5.300000000000000000e+01 3.700000000000000000e+01
1.357208808297453162e-01 2.000000000000000111e-01 2.727840900033091653e+00 1.000000000000000000e+00 3.015000000000000000e+04 2.672689999999999918e-04 6.093939999999999629e-06 5.300000000000000000e+01 3.700000000000000000e+01
1.357208808297453162e-01 2.500000000000000000e-01 1.986521166671688432e+00 1.000000000000000000e+00 2.135000000000000000e+04 2.931610000000000075e-04 6.406019999999999866e-06 5.300000000000000000e+01 3.700000000000000000e+01
1.357208808297453162e-01 2.999999999999999889e-01 1.913026366615667939e+00 1.000000000000000000e+00 2.045000000000000000e+04 3.193970000000000186e-04 7.060479999999999865e-06 5.300000000000000000e+01 3.700000000000000000e+01
1.357208808297453162e-01 3.500000000000000333e-01 1.849157399963587523e+00 1.000000000000000000e+00 1.980000000000000000e+04 3.441440000000000037e-04 7.635550000000000103e-06 5.300000000000000000e+01 3.700000000000000000e+01
1.357208808297453162e-01 4.000000000000000222e-01 1.774179999949410558e+00 1.000000000000000000e+00 1.905000000000000000e+04 3.675180000000000005e-04 8.158020000000000202e-06 5.300000000000000000e+01 3.700000000000000000e+01
1.357208808297453162e-01 4.500000000000000111e-01 1.733283766700575823e+00 1.000000000000000000e+00 1.845000000000000000e+04 3.923919999999999795e-04 8.639969999999999882e-06 5.300000000000000000e+01 3.700000000000000000e+01
1.357208808297453162e-01 5.000000000000000000e-01 1.795962533331476152e+00 1.000000000000000000e+00 1.790000000000000000e+04 4.178920000000000030e-04 9.091869999999999740e-06 5.300000000000000000e+01 3.700000000000000000e+01
2.096144000826768161e-01 5.000000000000000278e-02 1.789825333204741187e-01 2.000000000000000000e+00 4.500000000000000000e+02 1.385190000000000038e+27 nan 5.300000000000000000e+01 3.700000000000000000e+01
2.096144000826768161e-01 1.000000000000000056e-01 2.021914333260307617e-01 2.000000000000000000e+00 6.000000000000000000e+02 3.014279999999999737e-01 2.299419999999999936e-02 5.300000000000000000e+01 3.700000000000000000e+01
2.096144000826768161e-01 1.500000000000000222e-01 2.192945999947066016e-01 2.000000000000000000e+00 8.500000000000000000e+02 6.053709999999999865e+30 1.644619999999999958e+28 5.300000000000000000e+01 3.700000000000000000e+01
2.096144000826768161e-01 2.000000000000000111e-01 2.901634999628489031e-01 2.000000000000000000e+00 1.600000000000000000e+03 1.399950000000000028e+00 2.706110000000000113e-02 5.300000000000000000e+01 3.700000000000000000e+01
2.096144000826768161e-01 2.500000000000000000e-01 3.992641000077128410e-01 2.000000000000000000e+00 2.900000000000000000e+03 1.361509999999999942e-01 1.415910000000000085e-02 5.300000000000000000e+01 3.700000000000000000e+01
2.096144000826768161e-01 2.999999999999999889e-01 1.870472433317142302e+00 2.000000000000000000e+00 2.000000000000000000e+04 8.316510000000000569e-02 9.653379999999999600e-03 5.300000000000000000e+01 3.700000000000000000e+01
2.096144000826768161e-01 3.500000000000000333e-01 1.418492366598608667e+00 1.000000000000000000e+00 1.505000000000000000e+04 5.363780000000000067e-04 1.198850000000000050e-05 5.300000000000000000e+01 3.700000000000000000e+01
2.096144000826768161e-01 4.000000000000000222e-01 1.372050466636816735e+00 1.000000000000000000e+00 1.455000000000000000e+04 5.734060000000000459e-04 1.281259999999999994e-05 5.300000000000000000e+01 3.700000000000000000e+01
2.096144000826768161e-01 4.500000000000000111e-01 1.330314566691716438e+00 1.000000000000000000e+00 1.410000000000000000e+04 6.155789999999999960e-04 1.357129999999999998e-05 5.300000000000000000e+01 3.700000000000000000e+01
2.096144000826768161e-01 5.000000000000000000e-01 1.302652300025026078e+00 1.000000000000000000e+00 1.375000000000000000e+04 6.560290000000000305e-04 1.429710000000000072e-05 5.300000000000000000e+01 3.700000000000000000e+01
3.237394014347626525e-01 5.000000000000000278e-02 1.372642999437327094e-01 2.000000000000000000e+00 1.500000000000000000e+02 6.912050000000000138e-02 2.477649999999999991e-02 5.300000000000000000e+01 3.700000000000000000e+01
3.237394014347626525e-01 1.000000000000000056e-01 1.392602667134875960e-01 2.000000000000000000e+00 2.000000000000000000e+02 2.157989999999999908e-01 4.681699999999999751e-02 5.300000000000000000e+01 3.700000000000000000e+01
3.237394014347626525e-01 1.500000000000000222e-01 1.464785333567609482e-01 2.000000000000000000e+00 2.500000000000000000e+02 1.751860000000000084e-01 6.100499999999999673e-02 5.300000000000000000e+01 3.700000000000000000e+01
3.237394014347626525e-01 2.000000000000000111e-01 1.470568333364402347e-01 2.000000000000000000e+00 3.000000000000000000e+02 1.142299999999999982e-01 3.353479999999999656e-02 5.300000000000000000e+01 3.700000000000000000e+01
3.237394014347626525e-01 2.500000000000000000e-01 1.593244332664956742e-01 2.000000000000000000e+00 4.500000000000000000e+02 7.165359999999999507e-01 6.567030000000000090e-02 5.300000000000000000e+01 3.700000000000000000e+01
3.237394014347626525e-01 2.999999999999999889e-01 1.670320333602527685e-01 2.000000000000000000e+00 5.500000000000000000e+02 2.494739999999999877e+29 nan 5.300000000000000000e+01 3.700000000000000000e+01
3.237394014347626525e-01 3.500000000000000333e-01 1.977290000068023801e-01 2.000000000000000000e+00 8.500000000000000000e+02 1.910119999999999874e-01 2.888459999999999986e-02 5.300000000000000000e+01 3.700000000000000000e+01
3.237394014347626525e-01 4.000000000000000222e-01 2.368088999452690191e-01 2.000000000000000000e+00 1.350000000000000000e+03 2.702390000000000000e+13 3.377160000000000000e+11 5.300000000000000000e+01 3.700000000000000000e+01
3.237394014347626525e-01 4.500000000000000111e-01 5.276539333475133153e-01 2.000000000000000000e+00 2.800000000000000000e+03 2.182229999999999927e+04 1.163149999999999977e+02 5.300000000000000000e+01 3.700000000000000000e+01
3.237394014347626525e-01 5.000000000000000000e-01 1.449652433317775602e+00 1.000000000000000000e+00 1.480000000000000000e+04 1.034549999999999966e-03 2.243899999999999980e-05 5.300000000000000000e+01 3.700000000000000000e+01
5.000000000000000000e-01 5.000000000000000278e-02 1.264849666816492968e-01 2.000000000000000000e+00 5.000000000000000000e+01 4.362409999999999899e-02 1.113070000000000032e-02 5.300000000000000000e+01 3.700000000000000000e+01
5.000000000000000000e-01 1.000000000000000056e-01 1.262376333664481931e-01 2.000000000000000000e+00 1.000000000000000000e+02 4.206869999999999872e+27 nan 5.300000000000000000e+01 3.700000000000000000e+01
5.000000000000000000e-01 1.500000000000000222e-01 2.205368333185712404e-01 2.000000000000000000e+00 1.000000000000000000e+02 2.494830000000000000e+07 1.738750000000000000e+05 5.300000000000000000e+01 3.700000000000000000e+01
5.000000000000000000e-01 2.000000000000000111e-01 1.327711666623751230e-01 2.000000000000000000e+00 1.000000000000000000e+02 4.087100000000000177e-01 1.004450000000000065e-01 5.300000000000000000e+01 3.700000000000000000e+01
5.000000000000000000e-01 2.500000000000000000e-01 1.337679666855061955e-01 2.000000000000000000e+00 1.000000000000000000e+02 1.705579999999999874e-01 4.979320000000000274e-02 5.300000000000000000e+01 3.700000000000000000e+01
5.000000000000000000e-01 2.999999999999999889e-01 1.371662667176375694e-01 2.000000000000000000e+00 1.500000000000000000e+02 1.118669999999999895e+31 nan 5.300000000000000000e+01 3.700000000000000000e+01
5.000000000000000000e-01 3.500000000000000333e-01 1.328904333446795649e-01 2.000000000000000000e+00 1.500000000000000000e+02 6.557730000000000503e-01 5.884989999999999666e-02 5.300000000000000000e+01 3.700000000000000000e+01
5.000000000000000000e-01 4.000000000000000222e-01 1.349038000140959925e-01 2.000000000000000000e+00 1.500000000000000000e+02 1.602810000000000068e-01 2.334649999999999920e-02 5.300000000000000000e+01 3.700000000000000000e+01
5.000000000000000000e-01 4.500000000000000111e-01 1.396211332951982909e-01 2.000000000000000000e+00 2.000000000000000000e+02 2.830059999999999798e-01 4.315789999999999904e-02 5.300000000000000000e+01 3.700000000000000000e+01
5.000000000000000000e-01 5.000000000000000000e-01 1.411212666813904948e-01 2.000000000000000000e+00 2.500000000000000000e+02 1.845890000000000031e-01 3.395240000000000063e-02 5.300000000000000000e+01 3.700000000000000000e+01
