1.000000000000000021e-02 5.000000000000000000e-01 7.267518899985589087e+00 1.000000000000000000e+00 7.640000000000000000e+04 4.491840000000000009e-05 1.109499999999999923e-06 5.300000000000000000e+01 3.700000000000000000e+01
1.544452104946378995e-02 5.000000000000000000e-01 4.936520466658596895e+00 1.000000000000000000e+00 5.130000000000000000e+04 6.914159999999999545e-05 1.505870000000000077e-06 5.300000000000000000e+01 3.700000000000000000e+01
2.385332304473300816e-02 5.000000000000000000e-01 4.115243333314235308e+00 1.000000000000000000e+00 4.280000000000000000e+04 1.114749999999999991e-04 2.192790000000000142e-06 5.300000000000000000e+01 3.700000000000000000e+01
3.684031498640386731e-02 5.000000000000000000e-01 3.928171533315131914e+00 1.000000000000000000e+00 4.055000000000000000e+04 1.737270000000000123e-04 3.280719999999999906e-06 5.300000000000000000e+01 3.700000000000000000e+01
5.689810202763907754e-02 5.000000000000000000e-01 3.113115333331128110e+00 1.000000000000000000e+00 3.100000000000000000e+04 2.688260000000000042e-04 4.938790000000000194e-06 5.300000000000000000e+01 3.700000000000000000e+01
8.787639344404100938e-02 5.000000000000000000e-01 2.141577266699945081e+00 1.000000000000000000e+00 2.160000000000000000e+04 4.171129999999999890e-04 7.740460000000000425e-06 5.300000000000000000e+01 3.700000000000000000e+01
1.357208808297453162e-01 5.000000000000000000e-01 1.644835399968239242e+00 1.000000000000000000e+00 1.575000000000000000e+04 6.471320000000000240e-04 1.190309999999999959e-05 5.300000000000000000e+01 3.700000000000000000e+01
2.096144000826768161e-01 5.000000000000000000e-01 1.258613366672458822e+00 1.000000000000000000e+00 1.205000000000000000e+04 1.007239999999999958e-03 1.848710000000000126e-05 5.300000000000000000e+01 3.700000000000000000e+01
3.237394014347626525e-01 5.000000000000000000e-01 1.099755599978379905e+00 1.000000000000000000e+00 1.000000000000000000e+04 1.573449999999999892e-03 2.865730000000000089e-05 5.300000000000000000e+01 3.700000000000000000e+01
5.000000000000000000e-01 5.000000000000000000e-01 1.494861332854876823e-01 2.000000000000000000e+00 1.500000000000000000e+02 3.008839999999999848e-01 8.646140000000000075e-03 5.300000000000000000e+01 3.700000000000000000e+01
