1.000000000000000021e-02 5.000000000000000278e-02 9.236240133255099849e+00 3.000000000000000000e+00 1.000000000000000000e+05 8.700640000000000438e-06 7.093129999999999671e-07 5.300000000000000000e+01 3.700000000000000000e+01
1.000000000000000021e-02 1.000000000000000056e-01 8.921714166644960642e+00 3.000000000000000000e+00 1.000000000000000000e+05 1.192670000000000051e-05 7.047740000000000348e-07 5.300000000000000000e+01 3.700000000000000000e+01
1.000000000000000021e-02 1.500000000000000222e-01 6.937589166685938835e+00 1.000000000000000000e+00 7.940000000000000000e+04 1.378000000000000020e-05 1.182019999999999992e-06 5.300000000000000000e+01 3.700000000000000000e+01
1.000000000000000021e-02 2.000000000000000111e-01 9.041940500028431416e+00 3.000000000000000000e+00 1.000000000000000000e+05 1.699140000000000134e-05 7.137009999999999664e-07 5.300000000000000000e+01 3.700000000000000000e+01
1.000000000000000021e-02 2.500000000000000000e-01 8.864058933376023575e+00 3.000000000000000000e+00 1.000000000000000000e+05 1.910129999999999955e-05 7.094910000000000101e-07 5.300000000000000000e+01 3.700000000000000000e+01
1.000000000000000021e-02 2.999999999999999889e-01 7.081961866662216387e+00 1.000000000000000000e+00 7.835000000000000000e+04 1.999549999999999855e-05 1.178280000000000093e-06 5.300000000000000000e+01 3.700000000000000000e+01
1.000000000000000021e-02 3.500000000000000333e-01 6.989045699941925704e+00 1.000000000000000000e+00 7.805000000000000000e+04 2.182549999999999966e-05 1.195319999999999933e-06 5.300000000000000000e+01 3.700000000000000000e+01
1.000000000000000021e-02 4.000000000000000222e-01 6.854408333310857415e+00 1.000000000000000000e+00 7.775000000000000000e+04 2.349310000000000043e-05 1.180740000000000023e-06 5.300000000000000000e+01 3.700000000000000000e+01
1.000000000000000021e-02 4.500000000000000111e-01 7.141228433349169791e+00 1.000000000000000000e+00 7.765000000000000000e+04 2.521389999999999927e-05 1.188079999999999982e-06 5.300000000000000000e+01 3.700000000000000000e+01
1.000000000000000021e-02 5.000000000000000000e-01 7.049126433325000107e+00 1.000000000000000000e+00 7.755000000000000000e+04 2.677520000000000074e-05 1.164830000000000035e-06 5.300000000000000000e+01 3.700000000000000000e+01
1.544452104946378995e-02 5.000000000000000278e-02 8.965265566638359829e+00 3.000000000000000000e+00 1.000000000000000000e+05 1.645439999999999953e-05 6.244109999999999921e-07 5.300000000000000000e+01 3.700000000000000000e+01
1.544452104946378995e-02 1.000000000000000056e-01 8.947528800034584506e+00 3.000000000000000000e+00 1.000000000000000000e+05 2.120229999999999858e-05 6.523219999999999566e-07 5.300000000000000000e+01 3.700000000000000000e+01
1.544452104946378995e-02 1.500000000000000222e-01 8.962723833314763411e+00 3.000000000000000000e+00 1.000000000000000000e+05 2.526199999999999971e-05 6.800129999999999893e-07 5.300000000000000000e+01 3.700000000000000000e+01
1.544452104946378995e-02 2.000000000000000111e-01 9.070312433294020593e+00 3.000000000000000000e+00 1.000000000000000000e+05 2.889040000000000041e-05 7.324450000000000448e-07 5.300000000000000000e+01 3.700000000000000000e+01
1.544452104946378995e-02 2.500000000000000000e-01 9.157942800006518169e+00 3.000000000000000000e+00 1.000000000000000000e+05 3.211399999999999780e-05 7.772380000000000410e-07 5.300000000000000000e+01 3.700000000000000000e+01
1.544452104946378995e-02 2.999999999999999889e-01 9.229690133322341339e+00 3.000000000000000000e+00 1.000000000000000000e+05 3.514519999999999683e-05 8.203909999999999774e-07 5.300000000000000000e+01 3.700000000000000000e+01
1.544452104946378995e-02 3.500000000000000333e-01 8.650784333352930844e+00 1.000000000000000000e+00 9.715000000000000000e+04 3.781770000000000216e-05 8.698829999999999815e-07 5.300000000000000000e+01 3.700000000000000000e+01
1.544452104946378995e-02 4.000000000000000222e-01 8.386054733341248735e+00 1.000000000000000000e+00 9.250000000000000000e+04 4.023929999999999944e-05 9.118679999999999700e-07 5.300000000000000000e+01 3.700000000000000000e+01
1.544452104946378995e-02 4.500000000000000111e-01 8.234545933315530419e+00 1.000000000000000000e+00 8.890000000000000000e+04 4.258369999999999685e-05 9.548030000000000299e-07 5.300000000000000000e+01 3.700000000000000000e+01
1.544452104946378995e-02 5.000000000000000000e-01 7.903317033313214779e+00 1.000000000000000000e+00 8.530000000000000000e+04 4.478149999999999807e-05 9.947079999999999892e-07 5.300000000000000000e+01 3.700000000000000000e+01
2.385332304473300816e-02 5.000000000000000278e-02 9.175653366643624409e+00 3.000000000000000000e+00 1.000000000000000000e+05 2.818320000000000149e-05 7.038610000000000318e-07 5.300000000000000000e+01 3.700000000000000000e+01
2.385332304473300816e-02 1.000000000000000056e-01 8.116925566690042615e+00 1.000000000000000000e+00 9.040000000000000000e+04 3.451469999999999668e-05 7.822489999999999791e-07 5.300000000000000000e+01 3.700000000000000000e+01
2.385332304473300816e-02 1.500000000000000222e-01 7.704663499995755949e+00 1.000000000000000000e+00 8.450000000000000000e+04 4.027130000000000184e-05 9.124009999999999656e-07 5.300000000000000000e+01 3.700000000000000000e+01
2.385332304473300816e-02 2.000000000000000111e-01 7.257668666657991707e+00 1.000000000000000000e+00 7.980000000000000000e+04 4.549299999999999964e-05 1.034389999999999934e-06 5.300000000000000000e+01 3.700000000000000000e+01
2.385332304473300816e-02 2.500000000000000000e-01 6.950671300020379029e+00 1.000000000000000000e+00 7.605000000000000000e+04 5.030079999999999789e-05 1.130619999999999943e-06 5.300000000000000000e+01 3.700000000000000000e+01
2.385332304473300816e-02 2.999999999999999889e-01 6.636796999994355239e+00 1.000000000000000000e+00 7.300000000000000000e+04 5.474519999999999891e-05 1.224040000000000100e-06 5.300000000000000000e+01 3.700000000000000000e+01
2.385332304473300816e-02 3.500000000000000333e-01 6.118842200026847422e+00 1.000000000000000000e+00 6.970000000000000000e+04 5.889159999999999702e-05 1.308449999999999941e-06 5.300000000000000000e+01 3.700000000000000000e+01
2.385332304473300816e-02 4.000000000000000222e-01 5.904069033334963024e+00 1.000000000000000000e+00 6.660000000000000000e+04 6.278600000000000500e-05 1.380090000000000071e-06 5.300000000000000000e+01 3.700000000000000000e+01
2.385332304473300816e-02 4.500000000000000111e-01 5.709201933311608634e+00 1.000000000000000000e+00 6.445000000000000000e+04 6.644750000000000374e-05 1.449089999999999961e-06 5.300000000000000000e+01 3.700000000000000000e+01
2.385332304473300816e-02 5.000000000000000000e-01 5.582344833334597745e+00 1.000000000000000000e+00 6.205000000000000000e+04 6.996649999999999495e-05 1.511179999999999904e-06 5.300000000000000000e+01 3.700000000000000000e+01
3.684031498640386731e-02 5.000000000000000278e-02 8.738129533400448068e+00 3.000000000000000000e+00 1.000000000000000000e+05 4.408929999999999815e-05 2.087909999999999801e-06 5.300000000000000000e+01 3.700000000000000000e+01
3.684031498640386731e-02 1.000000000000000056e-01 5.796619166620075703e+00 1.000000000000000000e+00 6.545000000000000000e+04 5.386830000000000058e-05 1.165630000000000095e-06 5.300000000000000000e+01 3.700000000000000000e+01
3.684031498640386731e-02 1.500000000000000222e-01 5.378157766691098907e+00 1.000000000000000000e+00 6.100000000000000000e+04 6.264900000000000275e-05 1.357669999999999954e-06 5.300000000000000000e+01 3.700000000000000000e+01
3.684031498640386731e-02 2.000000000000000111e-01 5.053216333307015695e+00 1.000000000000000000e+00 5.735000000000000000e+04 7.067539999999999760e-05 1.545179999999999917e-06 5.300000000000000000e+01 3.700000000000000000e+01
3.684031498640386731e-02 2.500000000000000000e-01 4.842347433324903250e+00 1.000000000000000000e+00 5.480000000000000000e+04 7.821410000000000049e-05 1.718399999999999929e-06 5.300000000000000000e+01 3.700000000000000000e+01
3.684031498640386731e-02 2.999999999999999889e-01 4.651501266712632976e+00 1.000000000000000000e+00 5.245000000000000000e+04 8.507829999999999484e-05 1.866570000000000071e-06 5.300000000000000000e+01 3.700000000000000000e+01
3.684031498640386731e-02 3.500000000000000333e-01 4.496755733309934833e+00 1.000000000000000000e+00 5.030000000000000000e+04 9.160839999999999522e-05 1.999410000000000140e-06 5.300000000000000000e+01 3.700000000000000000e+01
3.684031498640386731e-02 4.000000000000000222e-01 4.241970933314102687e+00 1.000000000000000000e+00 4.810000000000000000e+04 9.768300000000000648e-05 2.120059999999999993e-06 5.300000000000000000e+01 3.700000000000000000e+01
3.684031498640386731e-02 4.500000000000000111e-01 4.106274566651943125e+00 1.000000000000000000e+00 4.640000000000000000e+04 1.034009999999999948e-04 2.234200000000000141e-06 5.300000000000000000e+01 3.700000000000000000e+01
3.684031498640386731e-02 5.000000000000000000e-01 3.992255933311147142e+00 1.000000000000000000e+00 4.470000000000000000e+04 1.088979999999999999e-04 2.334609999999999913e-06 5.300000000000000000e+01 3.700000000000000000e+01
5.689810202763907754e-02 5.000000000000000278e-02 1.540559300027477319e+00 2.000000000000000000e+00 1.640000000000000000e+04 9.732709999999999582e+02 4.940859999999999808e+00 5.300000000000000000e+01 3.700000000000000000e+01
5.689810202763907754e-02 1.000000000000000056e-01 4.214363900052073397e+00 1.000000000000000000e+00 4.735000000000000000e+04 8.377890000000000521e-05 1.741889999999999936e-06 5.300000000000000000e+01 3.700000000000000000e+01
5.689810202763907754e-02 1.500000000000000222e-01 4.042779000010341406e+00 1.000000000000000000e+00 4.400000000000000000e+04 9.736140000000000603e-05 2.051749999999999880e-06 5.300000000000000000e+01 3.700000000000000000e+01
5.689810202763907754e-02 2.000000000000000111e-01 3.865558566680798780e+00 1.000000000000000000e+00 4.170000000000000000e+04 1.098529999999999933e-04 2.360300000000000085e-06 5.300000000000000000e+01 3.700000000000000000e+01
5.689810202763907754e-02 2.500000000000000000e-01 3.529253733344376087e+00 1.000000000000000000e+00 3.960000000000000000e+04 1.214249999999999970e-04 2.637480000000000030e-06 5.300000000000000000e+01 3.700000000000000000e+01
5.689810202763907754e-02 2.999999999999999889e-01 3.423813733311059426e+00 1.000000000000000000e+00 3.790000000000000000e+04 1.322329999999999925e-04 2.882049999999999791e-06 5.300000000000000000e+01 3.700000000000000000e+01
5.689810202763907754e-02 3.500000000000000333e-01 3.257383033361596514e+00 1.000000000000000000e+00 3.635000000000000000e+04 1.423349999999999984e-04 3.101319999999999980e-06 5.300000000000000000e+01 3.700000000000000000e+01
5.689810202763907754e-02 4.000000000000000222e-01 3.132974166694717955e+00 1.000000000000000000e+00 3.490000000000000000e+04 1.518509999999999934e-04 3.300010000000000021e-06 5.300000000000000000e+01 3.700000000000000000e+01
5.689810202763907754e-02 4.500000000000000111e-01 3.142592300001221250e+00 1.000000000000000000e+00 3.375000000000000000e+04 1.608670000000000033e-04 3.494730000000000166e-06 5.300000000000000000e+01 3.700000000000000000e+01
5.689810202763907754e-02 5.000000000000000000e-01 3.084630100017724086e+00 1.000000000000000000e+00 3.260000000000000000e+04 1.702349999999999990e-04 3.663620000000000085e-06 5.300000000000000000e+01 3.700000000000000000e+01
8.787639344404100938e-02 5.000000000000000278e-02 4.811448333008835898e-01 2.000000000000000000e+00 3.900000000000000000e+03 3.850959999999999845e+24 nan 5.300000000000000000e+01 3.700000000000000000e+01
8.787639344404100938e-02 1.000000000000000056e-01 1.474233433293799633e+00 2.000000000000000000e+00 1.485000000000000000e+04 7.449890000000000678e-02 4.662280000000000417e-03 5.300000000000000000e+01 3.700000000000000000e+01
8.787639344404100938e-02 1.500000000000000222e-01 2.981673566663327168e+00 1.000000000000000000e+00 3.195000000000000000e+04 1.511940000000000029e-04 3.143060000000000194e-06 5.300000000000000000e+01 3.700000000000000000e+01
8.787639344404100938e-02 2.000000000000000111e-01 2.847413633329173077e+00 1.000000000000000000e+00 3.035000000000000000e+04 1.706169999999999963e-04 3.644359999999999951e-06 5.300000000000000000e+01 3.700000000000000000e+01
8.787639344404100938e-02 2.500000000000000000e-01 2.768977700034156442e+00 1.000000000000000000e+00 2.885000000000000000e+04 1.886889999999999954e-04 4.092579999999999871e-06 5.300000000000000000e+01 3.700000000000000000e+01
8.787639344404100938e-02 2.999999999999999889e-01 2.601771666629550506e+00 1.000000000000000000e+00 2.765000000000000000e+04 2.054050000000000027e-04 4.492250000000000061e-06 5.300000000000000000e+01 3.700000000000000000e+01
8.787639344404100938e-02 3.500000000000000333e-01 2.490816633294647087e+00 1.000000000000000000e+00 2.665000000000000000e+04 2.213030000000000054e-04 4.855179999999999990e-06 5.300000000000000000e+01 3.700000000000000000e+01
8.787639344404100938e-02 4.000000000000000222e-01 2.414929200041418422e+00 1.000000000000000000e+00 2.560000000000000000e+04 2.361099999999999874e-04 5.188989999999999933e-06 5.300000000000000000e+01 3.700000000000000000e+01
8.787639344404100938e-02 4.500000000000000111e-01 2.342835966691685368e+00 1.000000000000000000e+00 2.475000000000000000e+04 2.505869999999999777e-04 5.496760000000000206e-06 5.300000000000000000e+01 3.700000000000000000e+01
8.787639344404100938e-02 5.000000000000000000e-01 2.298265700034486603e+00 1.000000000000000000e+00 2.395000000000000000e+04 2.666670000000000000e-04 5.768339999999999731e-06 5.300000000000000000e+01 3.700000000000000000e+01
1.357208808297453162e-01 5.000000000000000278e-02 2.413699333167945438e-01 2.000000000000000000e+00 1.200000000000000000e+03 1.118320000000000008e-01 1.639250000000000082e-02 5.300000000000000000e+01 3.700000000000000000e+01
1.357208808297453162e-01 1.000000000000000056e-01 3.041491666808724403e-01 2.000000000000000000e+00 2.050000000000000000e+03 4.098610000000000001e+25 nan 5.300000000000000000e+01 3.700000000000000000e+01
1.357208808297453162e-01 1.500000000000000222e-01 6.017797999860098335e-01 2.000000000000000000e+00 5.200000000000000000e+03 9.969590000000000396e-02 7.958810000000000190e-03 5.300000000000000000e+01 3.700000000000000000e+01
1.357208808297453162e-01 2.000000000000000111e-01 2.727840900033091653e+00 1.000000000000000000e+00 3.015000000000000000e+04 2.672689999999999918e-04 6.093939999999999629e-06 5.300000000000000000e+01 3.700000000000000000e+01
1.357208808297453162e-01 2.500000000000000000e-01 1.986521166671688432e+00 1.000000000000000000e+00 2.135000000000000000e+04 2.931610000000000075e-04 6.406019999999999866e-06 5.300000000000000000e+01 3.700000000000000000e+01
1.357208808297453162e-01 2.999999999999999889e-01 1.913026366615667939e+00 1.000000000000000000e+00 2.045000000000000000e+04 3.193970000000000186e-04 7.060479999999999865e-06 5.300000000000000000e+01 3.700000000000000000e+01
1.357208808297453162e-01 3.500000000000000333e-01 1.849157399963587523e+00 1.000000000000000000e+00 1.980000000000000000e+04 3.441440000000000037e-04 7.635550000000000103e-06 5.300000000000000000e+01 3.700000000000000000e+01
1.357208808297453162e-01 4.000000000000000222e-01 1.774179999949410558e+00 1.000000000000000000e+00 1.905000000000000000e+04 3.675180000000000005e-04 8.158020000000000202e-06 5.300000000000000000e+01 3.700000000000000000e+01
1.357208808297453162e-01 4.500000000000000111e-01 1.733283766700575823e+00 1.000000000000000000e+00 1.845000000000000000e+04 3.923919999999999795e-04 8.639969999999999882e-06 5.300000000000000000e+01 3.700000000000000000e+01
1.357208808297453162e-01 5.000000000000000000e-01 1.795962533331476152e+00 1.000000000000000000e+00 1.790000000000000000e+04 4.178920000000000030e-04 9.091869999999999740e-06 5.300000000000000000e+01 3.700000000000000000e+01
2.096144000826768161e-01 5.000000000000000278e-02 1.789825333204741187e-01 2.000000000000000000e+00 4.500000000000000000e+02 1.385190000000000038e+27 nan 5.300000000000000000e+01 3.700000000000000000e+01
2.096144000826768161e-01 1.000000000000000056e-01 2.021914333260307617e-01 2.000000000000000000e+00 6.000000000000000000e+02 3.014279999999999737e-01 2.299419999999999936e-02 5.300000000000000000e+01 3.700000000000000000e+01
2.096144000826768161e-01 1.500000000000000222e-01 2.192945999947066016e-01 2.000000000000000000e+00 8.500000000000000000e+02 6.053709999999999865e+30 1.644619999999999958e+28 5.300000000000000000e+01 3.700000000000000000e+01
2.096144000826768161e-01 2.000000000000000111e-01 2.901634999628489031e-01 2.000000000000000000e+00 1.600000000000000000e+03 1.399950000000000028e+00 2.706110000000000113e-02 5.300000000000000000e+01 3.700000000000000000e+01
2.096144000826768161e-01 2.500000000000000000e-01 3.992641000077128410e-01 2.000000000000000000e+00 2.900000000000000000e+03 1.361509999999999942e-01 1.415910000000000085e-02 5.300000000000000000e+01 3.700000000000000000e+01
2.096144000826768161e-01 2.999999999999999889e-01 1.870472433317142302e+00 2.000000000000000000e+00 2.000000000000000000e+04 8.316510000000000569e-02 9.653379999999999600e-03 5.300000000000000000e+01 3.700000000000000000e+01
2.096144000826768161e-01 3.500000000000000333e-01 1.418492366598608667e+00 1.000000000000000000e+00 1.505000000000000000e+04 5.363780000000000067e-04 1.198850000000000050e-05 5.300000000000000000e+01 3.700000000000000000e+01
2.096144000826768161e-01 4.000000000000000222e-01 1.372050466636816735e+00 1.000000000000000000e+00 1.455000000000000000e+04 5.734060000000000459e-04 1.281259999999999994e-05 5.300000000000000000e+01 3.700000000000000000e+01
2.096144000826768161e-01 4.500000000000000111e-01 1.330314566691716438e+00 1.000000000000000000e+00 1.410000000000000000e+04 6.155789999999999960e-04 1.357129999999999998e-05 5.300000000000000000e+01 3.700000000000000000e+01
2.096144000826768161e-01 5.000000000000000000e-01 1.302652300025026078e+00 1.000000000000000000e+00 1.375000000000000000e+04 6.560290000000000305e-04 1.429710000000000072e-05 5.300000000000000000e+01 3.700000000000000000e+01
3.237394014347626525e-01 5.000000000000000278e-02 1.372642999437327094e-01 2.000000000000000000e+00 1.500000000000000000e+02 6.912050000000000138e-02 2.477649999999999991e-02 5.300000000000000000e+01 3.700000000000000000e+01
3.237394014347626525e-01 1.000000000000000056e-01 1.392602667134875960e-01 2.000000000000000000e+00 2.000000000000000000e+02 2.157989999999999908e-01 4.681699999999999751e-02 5.300000000000000000e+01 3.700000000000000000e+01
3.237394014347626525e-01 1.500000000000000222e-01 1.464785333567609482e-01 2.000000000000000000e+00 2.500000000000000000e+02 1.751860000000000084e-01 6.100499999999999673e-02 5.300000000000000000e+01 3.700000000000000000e+01
3.237394014347626525e-01 2.000000000000000111e-01 1.470568333364402347e-01 2.000000000000000000e+00 3.000000000000000000e+02 1.142299999999999982e-01 3.353479999999999656e-02 5.300000000000000000e+01 3.700000000000000000e+01
3.237394014347626525e-01 2.500000000000000000e-01 1.593244332664956742e-01 2.000000000000000000e+00 4.500000000000000000e+02 7.165359999999999507e-01 6.567030000000000090e-02 5.300000000000000000e+01 3.700000000000000000e+01
3.237394014347626525e-01 2.999999999999999889e-01 1.670320333602527685e-01 2.000000000000000000e+00 5.500000000000000000e+02 2.494739999999999877e+29 nan 5.300000000000000000e+01 3.700000000000000000e+01
3.237394014347626525e-01 3.500000000000000333e-01 1.977290000068023801e-01 2.000000000000000000e+00 8.500000000000000000e+02 1.910119999999999874e-01 2.888459999999999986e-02 5.300000000000000000e+01 3.700000000000000000e+01
3.237394014347626525e-01 4.000000000000000222e-01 2.368088999452690191e-01 2.000000000000000000e+00 1.350000000000000000e+03 2.702390000000000000e+13 3.377160000000000000e+11 5.300000000000000000e+01 3.700000000000000000e+01
3.237394014347626525e-01 4.500000000000000111e-01 5.276539333475133153e-01 2.000000000000000000e+00 2.800000000000000000e+03 2.182229999999999927e+04 1.163149999999999977e+02 5.300000000000000000e+01 3.700000000000000000e+01
3.237394014347626525e-01 5.000000000000000000e-01 1.449652433317775602e+00 1.000000000000000000e+00 1.480000000000000000e+04 1.034549999999999966e-03 2.243899999999999980e-05 5.300000000000000000e+01 3.700000000000000000e+01
5.000000000000000000e-01 5.000000000000000278e-02 1.264849666816492968e-01 2.000000000000000000e+00 5.000000000000000000e+01 4.362409999999999899e-02 1.113070000000000032e-02 5.300000000000000000e+01 3.700000000000000000e+01
5.000000000000000000e-01 1.000000000000000056e-01 1.262376333664481931e-01 2.000000000000000000e+00 1.000000000000000000e+02 4.206869999999999872e+27 nan 5.300000000000000000e+01 3.700000000000000000e+01
5.000000000000000000e-01 1.500000000000000222e-01 2.205368333185712404e-01 2.000000000000000000e+00 1.000000000000000000e+02 2.494830000000000000e+07 1.738750000000000000e+05 5.300000000000000000e+01 3.700000000000000000e+01
5.000000000000000000e-01 2.000000000000000111e-01 1.327711666623751230e-01 2.000000000000000000e+00 1.000000000000000000e+02 4.087100000000000177e-01 1.004450000000000065e-01 5.300000000000000000e+01 3.700000000000000000e+01
5.000000000000000000e-01 2.500000000000000000e-01 1.337679666855061955e-01 2.000000000000000000e+00 1.000000000000000000e+02 1.705579999999999874e-01 4.979320000000000274e-02 5.300000000000000000e+01 3.700000000000000000e+01
5.000000000000000000e-01 2.999999999999999889e-01 1.371662667176375694e-01 2.000000000000000000e+00 1.500000000000000000e+02 1.118669999999999895e+31 nan 5.300000000000000000e+01 3.700000000000000000e+01
5.000000000000000000e-01 3.500000000000000333e-01 1.328904333446795649e-01 2.000000000000000000e+00 1.500000000000000000e+02 6.557730000000000503e-01 5.884989999999999666e-02 5.300000000000000000e+01 3.700000000000000000e+01
5.000000000000000000e-01 4.000000000000000222e-01 1.349038000140959925e-01 2.000000000000000000e+00 1.500000000000000000e+02 1.602810000000000068e-01 2.334649999999999920e-02 5.300000000000000000e+01 3.700000000000000000e+01
5.000000000000000000e-01 4.500000000000000111e-01 1.396211332951982909e-01 2.000000000000000000e+00 2.000000000000000000e+02 2.830059999999999798e-01 4.315789999999999904e-02 5.300000000000000000e+01 3.700000000000000000e+01
5.000000000000000000e-01 5.000000000000000000e-01 1.411212666813904948e-01 2.000000000000000000e+00 2.500000000000000000e+02 1.845890000000000031e-01 3.395240000000000063e-02 5.300000000000000000e+01 3.700000000000000000e+01
1.000000000000000021e-02 5.000000000000000000e-01 3.804554910000024393e+01 3.000000000000000000e+00 1.000000000000000000e+05 2.366340000000000115e-05 1.420099999999999964e-06 1.000000000000000000e+03 3.700000000000000000e+01
1.544452104946378995e-02 5.000000000000000000e-01 3.792566573333291302e+01 1.000000000000000000e+00 9.915000000000000000e+04 3.781710000000000084e-05 2.164340000000000017e-06 1.000000000000000000e+03 3.700000000000000000e+01
2.385332304473300816e-02 5.000000000000000000e-01 3.443508259999998700e+01 1.000000000000000000e+00 9.105000000000000000e+04 2.149040000000000011e-05 2.416629999999999849e-06 1.000000000000000000e+03 3.700000000000000000e+01
3.684031498640386731e-02 5.000000000000000000e-01 2.287161619999976025e+01 1.000000000000000000e+00 6.050000000000000000e+04 3.145180000000000268e-05 3.526810000000000119e-06 1.000000000000000000e+03 3.700000000000000000e+01
5.689810202763907754e-02 5.000000000000000000e-01 3.831521030000082106e+01 3.000000000000000000e+00 1.000000000000000000e+05 3.590120000000000111e-05 5.806449999999999693e-07 1.000000000000000000e+03 3.700000000000000000e+01
8.787639344404100938e-02 5.000000000000000000e-01 3.535485419999955781e+01 1.000000000000000000e+00 9.270000000000000000e+04 4.331969999999999793e-05 7.520969999999999881e-07 1.000000000000000000e+03 3.700000000000000000e+01
1.357208808297453162e-01 5.000000000000000000e-01 1.101688150000033239e+01 2.000000000000000000e+00 2.905000000000000000e+04 2.040770000000000084e-01 7.464190000000000104e-04 1.000000000000000000e+03 3.700000000000000000e+01
2.096144000826768161e-01 5.000000000000000000e-01 6.246330666660165898e-01 2.000000000000000000e+00 1.350000000000000000e+03 7.122370000000000392e+26 nan 1.000000000000000000e+03 3.700000000000000000e+01
3.237394014347626525e-01 5.000000000000000000e-01 2.153573333325766725e-01 2.000000000000000000e+00 2.500000000000000000e+02 3.097460000000000220e+27 nan 1.000000000000000000e+03 3.700000000000000000e+01
5.000000000000000000e-01 5.000000000000000000e-01 1.456156666669509436e-01 2.000000000000000000e+00 5.000000000000000000e+01 3.631840000000000068e-01 2.454089999999999917e-03 1.000000000000000000e+03 3.700000000000000000e+01
1.000000000000000021e-02 5.000000000000000000e-01 2.582030033333345997e+01 3.000000000000000000e+00 1.000000000000000000e+05 2.880070000000000023e-05 2.379880000000000159e-06 5.990000000000000000e+02 3.700000000000000000e+01
1.544452104946378995e-02 5.000000000000000000e-01 2.381411376666680368e+01 1.000000000000000000e+00 9.335000000000000000e+04 1.348260000000000031e-05 1.610170000000000078e-06 5.990000000000000000e+02 3.700000000000000000e+01
2.385332304473300816e-02 5.000000000000000000e-01 2.583162799999990966e+01 3.000000000000000000e+00 1.000000000000000000e+05 8.749700000000000270e-06 5.476399999999999990e-07 5.990000000000000000e+02 3.700000000000000000e+01
3.684031498640386731e-02 5.000000000000000000e-01 2.613222510000014154e+01 3.000000000000000000e+00 1.000000000000000000e+05 3.189670000000000244e-05 4.457219999999999992e-07 5.990000000000000000e+02 3.700000000000000000e+01
5.689810202763907754e-02 5.000000000000000000e-01 2.550595656666700961e+01 3.000000000000000000e+00 1.000000000000000000e+05 3.181129999999999814e-05 4.974770000000000017e-07 5.990000000000000000e+02 3.700000000000000000e+01
8.787639344404100938e-02 5.000000000000000000e-01 1.850954426666794461e+01 1.000000000000000000e+00 7.075000000000000000e+04 4.919000000000000168e-05 7.592009999999999966e-07 5.990000000000000000e+02 3.700000000000000000e+01
1.357208808297453162e-01 5.000000000000000000e-01 9.322885900000377646e+00 2.000000000000000000e+00 3.560000000000000000e+04 1.154919999999999974e-01 2.402150000000000032e-03 5.990000000000000000e+02 3.700000000000000000e+01
2.096144000826768161e-01 5.000000000000000000e-01 4.913485333333180161e-01 2.000000000000000000e+00 1.350000000000000000e+03 4.747259999999999813e-01 1.767759999999999948e-03 5.990000000000000000e+02 3.700000000000000000e+01
3.237394014347626525e-01 5.000000000000000000e-01 1.687118999998347135e-01 2.000000000000000000e+00 2.000000000000000000e+02 4.298699999999999743e-01 3.834740000000000110e-03 5.990000000000000000e+02 3.700000000000000000e+01
5.000000000000000000e-01 5.000000000000000000e-01 1.610246000000188360e-01 2.000000000000000000e+00 5.000000000000000000e+01 3.600920000000000232e-01 4.202400000000000233e-03 5.990000000000000000e+02 3.700000000000000000e+01
1.000000000000000021e-02 5.000000000000000000e-01 1.862602486666582990e+01 3.000000000000000000e+00 1.000000000000000000e+05 3.844239999999999806e-06 6.763790000000000508e-07 3.590000000000000000e+02 3.700000000000000000e+01
1.544452104946378995e-02 5.000000000000000000e-01 1.904296196666655305e+01 3.000000000000000000e+00 1.000000000000000000e+05 9.675420000000000277e-06 5.320910000000000230e-07 3.590000000000000000e+02 3.700000000000000000e+01
2.385332304473300816e-02 5.000000000000000000e-01 1.908078170000044338e+01 3.000000000000000000e+00 1.000000000000000000e+05 2.192999999999999840e-05 4.836660000000000377e-07 3.590000000000000000e+02 3.700000000000000000e+01
3.684031498640386731e-02 5.000000000000000000e-01 1.821006373333329975e+01 1.000000000000000000e+00 9.685000000000000000e+04 2.557440000000000031e-05 5.447439999999999974e-07 3.590000000000000000e+02 3.700000000000000000e+01
5.689810202763907754e-02 5.000000000000000000e-01 1.284395493333249760e+01 1.000000000000000000e+00 6.845000000000000000e+04 3.949610000000000290e-05 8.016290000000000375e-07 3.590000000000000000e+02 3.700000000000000000e+01
8.787639344404100938e-02 5.000000000000000000e-01 8.926324566666153260e+00 1.000000000000000000e+00 4.680000000000000000e+04 6.128289999999999562e-05 1.218849999999999985e-06 3.590000000000000000e+02 3.700000000000000000e+01
1.357208808297453162e-01 5.000000000000000000e-01 1.865656216666623735e+01 3.000000000000000000e+00 1.000000000000000000e+05 3.452329999999999982e-02 3.370660000000000149e-04 3.590000000000000000e+02 3.700000000000000000e+01
2.096144000826768161e-01 5.000000000000000000e-01 5.373357333337480668e-01 2.000000000000000000e+00 2.300000000000000000e+03 1.489789999999999948e+00 3.948720000000000181e-03 3.590000000000000000e+02 3.700000000000000000e+01
3.237394014347626525e-01 5.000000000000000000e-01 1.475960999990396372e-01 2.000000000000000000e+00 2.000000000000000000e+02 5.525520000000000431e-01 6.370729999999999796e-03 3.590000000000000000e+02 3.700000000000000000e+01
5.000000000000000000e-01 5.000000000000000000e-01 1.199468666660929300e-01 2.000000000000000000e+00 5.000000000000000000e+01 3.498510000000000231e-01 7.178640000000000021e-03 3.590000000000000000e+02 3.700000000000000000e+01
1.000000000000000021e-02 5.000000000000000000e-01 1.139677229999930752e+01 1.000000000000000000e+00 8.420000000000000000e+04 6.262630000000000380e-06 9.355980000000000376e-07 2.150000000000000000e+02 3.700000000000000000e+01
1.544452104946378995e-02 5.000000000000000000e-01 1.427683563333387973e+01 3.000000000000000000e+00 1.000000000000000000e+05 1.608479999999999887e-05 5.080680000000000202e-07 2.150000000000000000e+02 3.700000000000000000e+01
2.385332304473300816e-02 5.000000000000000000e-01 1.394334816666741972e+01 3.000000000000000000e+00 1.000000000000000000e+05 2.892569999999999988e-05 5.002219999999999644e-07 2.150000000000000000e+02 3.700000000000000000e+01
3.684031498640386731e-02 5.000000000000000000e-01 1.126657703333330574e+01 1.000000000000000000e+00 8.045000000000000000e+04 4.265899999999999933e-05 6.873100000000000314e-07 2.150000000000000000e+02 3.700000000000000000e+01
5.689810202763907754e-02 5.000000000000000000e-01 7.973996966666163644e+00 1.000000000000000000e+00 5.860000000000000000e+04 6.463150000000000622e-05 1.024469999999999909e-06 2.150000000000000000e+02 3.700000000000000000e+01
8.787639344404100938e-02 5.000000000000000000e-01 5.773815500000030632e+00 1.000000000000000000e+00 4.210000000000000000e+04 9.902630000000000427e-05 1.579209999999999912e-06 2.150000000000000000e+02 3.700000000000000000e+01
1.357208808297453162e-01 5.000000000000000000e-01 4.229986166666397374e+00 1.000000000000000000e+00 3.065000000000000000e+04 1.525710000000000000e-04 2.501259999999999833e-06 2.150000000000000000e+02 3.700000000000000000e+01
2.096144000826768161e-01 5.000000000000000000e-01 3.121146566666842315e+00 1.000000000000000000e+00 2.260000000000000000e+04 2.362879999999999983e-04 3.989340000000000331e-06 2.150000000000000000e+02 3.700000000000000000e+01
3.237394014347626525e-01 5.000000000000000000e-01 4.615243999990828461e-01 2.000000000000000000e+00 2.550000000000000000e+03 2.581670000000000000e+15 1.691150000000000000e+12 2.150000000000000000e+02 3.700000000000000000e+01
5.000000000000000000e-01 5.000000000000000000e-01 1.402171000002757351e-01 2.000000000000000000e+00 2.500000000000000000e+02 1.807850000000000111e+30 nan 2.150000000000000000e+02 3.700000000000000000e+01
1.000000000000000021e-02 5.000000000000000000e-01 1.063630786666666062e+01 3.000000000000000000e+00 1.000000000000000000e+05 1.138849999999999947e-05 6.735390000000000069e-07 1.290000000000000000e+02 3.700000000000000000e+01
1.544452104946378995e-02 5.000000000000000000e-01 1.060445163333376151e+01 3.000000000000000000e+00 1.000000000000000000e+05 2.085870000000000072e-05 5.583439999999999604e-07 1.290000000000000000e+02 3.700000000000000000e+01
2.385332304473300816e-02 5.000000000000000000e-01 1.079948763333353234e+01 1.000000000000000000e+00 9.775000000000000000e+04 3.443859999999999923e-05 6.311109999999999660e-07 1.290000000000000000e+02 3.700000000000000000e+01
3.684031498640386731e-02 5.000000000000000000e-01 7.564914499999455977e+00 1.000000000000000000e+00 7.005000000000000000e+04 5.368779999999999782e-05 9.434490000000000196e-07 1.290000000000000000e+02 3.700000000000000000e+01
5.689810202763907754e-02 5.000000000000000000e-01 5.319693099999615704e+00 1.000000000000000000e+00 5.010000000000000000e+04 8.355019999999999840e-05 1.441530000000000071e-06 1.290000000000000000e+02 3.700000000000000000e+01
8.787639344404100938e-02 5.000000000000000000e-01 4.038489266666753785e+00 1.000000000000000000e+00 3.625000000000000000e+04 1.300130000000000036e-04 2.241210000000000095e-06 1.290000000000000000e+02 3.700000000000000000e+01
1.357208808297453162e-01 5.000000000000000000e-01 2.867174666667172911e+00 1.000000000000000000e+00 2.640000000000000000e+04 2.023469999999999924e-04 3.546690000000000004e-06 1.290000000000000000e+02 3.700000000000000000e+01
2.096144000826768161e-01 5.000000000000000000e-01 2.153741633333387195e+00 1.000000000000000000e+00 1.950000000000000000e+04 3.153119999999999925e-04 5.638589999999999829e-06 1.290000000000000000e+02 3.700000000000000000e+01
3.237394014347626525e-01 5.000000000000000000e-01 1.688982333333115093e+00 1.000000000000000000e+00 1.475000000000000000e+04 4.926870000000000078e-04 8.926149999999999233e-06 1.290000000000000000e+02 3.700000000000000000e+01
5.000000000000000000e-01 5.000000000000000000e-01 1.402853333335466746e-01 2.000000000000000000e+00 2.500000000000000000e+02 1.747529999999999917e-01 2.432909999999999934e-02 1.290000000000000000e+02 3.700000000000000000e+01
1.000000000000000021e-02 5.000000000000000000e-01 6.989171299999725306e+00 1.000000000000000000e+00 7.845000000000000000e+04 1.470660000000000078e-05 1.195800000000000054e-06 7.700000000000000000e+01 3.700000000000000000e+01
1.544452104946378995e-02 5.000000000000000000e-01 9.114406266666870593e+00 3.000000000000000000e+00 1.000000000000000000e+05 2.658210000000000084e-05 7.284349999999999976e-07 7.700000000000000000e+01 3.700000000000000000e+01
2.385332304473300816e-02 5.000000000000000000e-01 7.165633166666641962e+00 1.000000000000000000e+00 7.770000000000000000e+04 4.190570000000000097e-05 1.055219999999999995e-06 7.700000000000000000e+01 3.700000000000000000e+01
3.684031498640386731e-02 5.000000000000000000e-01 5.106218633333507562e+00 1.000000000000000000e+00 5.610000000000000000e+04 6.529170000000000373e-05 1.601549999999999938e-06 7.700000000000000000e+01 3.700000000000000000e+01
5.689810202763907754e-02 5.000000000000000000e-01 3.804659400000067304e+00 1.000000000000000000e+00 4.045000000000000000e+04 1.021599999999999977e-04 2.477959999999999989e-06 7.700000000000000000e+01 3.700000000000000000e+01
8.787639344404100938e-02 5.000000000000000000e-01 2.868403000000398606e+00 1.000000000000000000e+00 2.955000000000000000e+04 1.600530000000000073e-04 3.887879999999999951e-06 7.700000000000000000e+01 3.700000000000000000e+01
1.357208808297453162e-01 5.000000000000000000e-01 2.054667000000335975e+00 1.000000000000000000e+00 2.185000000000000000e+04 2.508359999999999952e-04 6.134069999999999870e-06 7.700000000000000000e+01 3.700000000000000000e+01
2.096144000826768161e-01 5.000000000000000000e-01 1.681094899999758807e+00 1.000000000000000000e+00 1.645000000000000000e+04 3.937890000000000205e-04 9.668540000000000099e-06 7.700000000000000000e+01 3.700000000000000000e+01
3.237394014347626525e-01 5.000000000000000000e-01 1.309042466666748394e+00 1.000000000000000000e+00 1.275000000000000000e+04 6.203460000000000267e-04 1.515969999999999988e-05 7.700000000000000000e+01 3.700000000000000000e+01
5.000000000000000000e-01 5.000000000000000000e-01 1.420205333336828912e-01 2.000000000000000000e+00 2.500000000000000000e+02 1.838400000000000034e-01 2.993859999999999924e-02 7.700000000000000000e+01 3.700000000000000000e+01
1.000000000000000021e-02 5.000000000000000000e-01 6.173858833333724760e+00 1.000000000000000000e+00 7.380000000000000000e+04 3.144389999999999891e-05 1.316140000000000031e-06 4.600000000000000000e+01 3.700000000000000000e+01
1.544452104946378995e-02 5.000000000000000000e-01 4.258267666666749385e+00 1.000000000000000000e+00 5.150000000000000000e+04 4.811339999999999915e-05 1.652440000000000098e-06 4.600000000000000000e+01 3.700000000000000000e+01
2.385332304473300816e-02 5.000000000000000000e-01 2.845299033332897576e+00 1.000000000000000000e+00 3.380000000000000000e+04 7.446720000000000422e-05 2.484969999999999944e-06 4.600000000000000000e+01 3.700000000000000000e+01
3.684031498640386731e-02 5.000000000000000000e-01 3.402763966667407658e+00 1.000000000000000000e+00 4.045000000000000000e+04 1.239629999999999920e-04 2.679019999999999805e-06 4.600000000000000000e+01 3.700000000000000000e+01
5.689810202763907754e-02 5.000000000000000000e-01 2.519703533333692125e+00 1.000000000000000000e+00 2.960000000000000000e+04 1.946619999999999872e-04 4.223299999999999866e-06 4.600000000000000000e+01 3.700000000000000000e+01
8.787639344404100938e-02 5.000000000000000000e-01 1.863733899999715504e+00 1.000000000000000000e+00 2.180000000000000000e+04 3.051260000000000192e-04 6.657890000000000387e-06 4.600000000000000000e+01 3.700000000000000000e+01
1.357208808297453162e-01 5.000000000000000000e-01 1.466469533334020525e+00 1.000000000000000000e+00 1.645000000000000000e+04 4.785640000000000076e-04 1.051069999999999916e-05 4.600000000000000000e+01 3.700000000000000000e+01
2.096144000826768161e-01 5.000000000000000000e-01 1.134664600000178325e+00 1.000000000000000000e+00 1.275000000000000000e+04 7.514820000000000397e-04 1.653759999999999901e-05 4.600000000000000000e+01 3.700000000000000000e+01
3.237394014347626525e-01 5.000000000000000000e-01 5.154465033333811341e+00 1.000000000000000000e+00 6.270000000000000000e+04 1.190370000000000057e-03 3.234100000000000088e-05 4.600000000000000000e+01 3.700000000000000000e+01
5.000000000000000000e-01 5.000000000000000000e-01 1.279155000005024190e-01 2.000000000000000000e+00 2.500000000000000000e+02 3.851049999999999751e-01 4.091489999999999710e-02 4.600000000000000000e+01 3.700000000000000000e+01
1.000000000000000021e-02 5.000000000000000000e-01 4.951019366666514543e+00 1.000000000000000000e+00 6.520000000000000000e+04 4.923280000000000066e-05 2.106820000000000015e-06 2.700000000000000000e+01 3.700000000000000000e+01
1.544452104946378995e-02 5.000000000000000000e-01 3.604447433332703898e+00 1.000000000000000000e+00 4.735000000000000000e+04 7.451819999999999408e-05 2.923180000000000107e-06 2.700000000000000000e+01 3.700000000000000000e+01
2.385332304473300816e-02 5.000000000000000000e-01 2.539563566666402039e+00 1.000000000000000000e+00 3.255000000000000000e+04 1.166459999999999942e-04 4.279479999999999725e-06 2.700000000000000000e+01 3.700000000000000000e+01
3.684031498640386731e-02 5.000000000000000000e-01 1.834097199999935812e+00 1.000000000000000000e+00 2.290000000000000000e+04 1.838390000000000130e-04 6.580509999999999783e-06 2.700000000000000000e+01 3.700000000000000000e+01
5.689810202763907754e-02 5.000000000000000000e-01 1.456655333332794955e+00 1.000000000000000000e+00 1.780000000000000000e+04 2.941229999999999756e-04 1.044519999999999954e-05 2.700000000000000000e+01 3.700000000000000000e+01
8.787639344404100938e-02 5.000000000000000000e-01 1.189093333333706370e+00 1.000000000000000000e+00 1.405000000000000000e+04 4.677419999999999950e-04 1.683990000000000118e-05 2.700000000000000000e+01 3.700000000000000000e+01
1.357208808297453162e-01 5.000000000000000000e-01 9.158981000000494532e-01 1.000000000000000000e+00 1.090000000000000000e+04 7.386369999999999958e-04 2.680499999999999832e-05 2.700000000000000000e+01 3.700000000000000000e+01
2.096144000826768161e-01 5.000000000000000000e-01 7.899538333331292961e-01 1.000000000000000000e+00 9.100000000000000000e+03 1.167669999999999993e-03 4.251160000000000138e-05 2.700000000000000000e+01 3.700000000000000000e+01
3.237394014347626525e-01 5.000000000000000000e-01 7.059342333335129061e-01 2.000000000000000000e+00 7.450000000000000000e+03 1.730550000000000042e+27 nan 2.700000000000000000e+01 3.700000000000000000e+01
5.000000000000000000e-01 5.000000000000000000e-01 1.345144666665873956e-01 2.000000000000000000e+00 2.500000000000000000e+02 4.030800000000000000e+11 5.007050000000000000e+09 2.700000000000000000e+01 3.700000000000000000e+01
1.000000000000000021e-02 5.000000000000000000e-01 4.373766200000318349e+00 1.000000000000000000e+00 5.845000000000000000e+04 9.154880000000000006e-05 3.694430000000000134e-06 1.600000000000000000e+01 3.700000000000000000e+01
1.544452104946378995e-02 5.000000000000000000e-01 2.957035633333362057e+00 1.000000000000000000e+00 3.915000000000000000e+04 1.405310000000000001e-04 5.636629999999999936e-06 1.600000000000000000e+01 3.700000000000000000e+01
2.385332304473300816e-02 5.000000000000000000e-01 2.104071300000214251e+00 1.000000000000000000e+00 2.725000000000000000e+04 2.162880000000000000e-04 8.765440000000000224e-06 1.600000000000000000e+01 3.700000000000000000e+01
3.684031498640386731e-02 5.000000000000000000e-01 1.596222166666848352e+00 1.000000000000000000e+00 2.055000000000000000e+04 3.298980000000000185e-04 1.340850000000000046e-05 1.600000000000000000e+01 3.700000000000000000e+01
5.689810202763907754e-02 5.000000000000000000e-01 1.222242200000134060e+00 1.000000000000000000e+00 1.510000000000000000e+04 5.060740000000000204e-04 2.072470000000000166e-05 1.600000000000000000e+01 3.700000000000000000e+01
8.787639344404100938e-02 5.000000000000000000e-01 1.014644733333625481e+00 1.000000000000000000e+00 1.240000000000000000e+04 7.739729999999999570e-04 3.206549999999999987e-05 1.600000000000000000e+01 3.700000000000000000e+01
1.357208808297453162e-01 5.000000000000000000e-01 8.620943666664970806e-01 1.000000000000000000e+00 1.035000000000000000e+04 1.192329999999999909e-03 4.971399999999999870e-05 1.600000000000000000e+01 3.700000000000000000e+01
2.096144000826768161e-01 5.000000000000000000e-01 7.467803666665228102e-01 1.000000000000000000e+00 8.800000000000000000e+03 1.849890000000000085e-03 7.715460000000000157e-05 1.600000000000000000e+01 3.700000000000000000e+01
3.237394014347626525e-01 5.000000000000000000e-01 1.151267899999462996e+00 2.000000000000000000e+00 1.455000000000000000e+04 3.009730000000000000e+10 nan 1.600000000000000000e+01 3.700000000000000000e+01
5.000000000000000000e-01 5.000000000000000000e-01 1.281873666660734157e-01 2.000000000000000000e+00 2.500000000000000000e+02 1.431530000000000025e-01 3.618720000000000270e-02 1.600000000000000000e+01 3.700000000000000000e+01
1.000000000000000021e-02 5.000000000000000000e-01 2.310583633332498721e+00 1.000000000000000000e+00 3.175000000000000000e+04 1.277750000000000023e-04 4.774439999999999811e-06 1.000000000000000000e+01 3.700000000000000000e+01
1.544452104946378995e-02 5.000000000000000000e-01 1.655948933333396100e+00 1.000000000000000000e+00 2.220000000000000000e+04 1.935449999999999909e-04 6.852629999999999813e-06 1.000000000000000000e+01 3.700000000000000000e+01
2.385332304473300816e-02 5.000000000000000000e-01 1.221080633332652043e+00 1.000000000000000000e+00 1.605000000000000000e+04 2.898919999999999817e-04 9.962229999999999653e-06 1.000000000000000000e+01 3.700000000000000000e+01
3.684031498640386731e-02 5.000000000000000000e-01 9.712016333335972140e-01 1.000000000000000000e+00 1.215000000000000000e+04 4.243180000000000259e-04 1.462789999999999932e-05 1.000000000000000000e+01 3.700000000000000000e+01
5.689810202763907754e-02 5.000000000000000000e-01 1.518724733333632004e+00 1.000000000000000000e+00 1.990000000000000000e+04 5.511199999999999953e-04 1.964550000000000020e-05 1.000000000000000000e+01 3.700000000000000000e+01
8.787639344404100938e-02 5.000000000000000000e-01 1.280887999999928750e+00 1.000000000000000000e+00 1.635000000000000000e+04 8.502779999999999930e-04 3.019369999999999858e-05 1.000000000000000000e+01 3.700000000000000000e+01
1.357208808297453162e-01 5.000000000000000000e-01 1.097014399999655554e+00 1.000000000000000000e+00 1.365000000000000000e+04 1.322409999999999992e-03 4.665310000000000230e-05 1.000000000000000000e+01 3.700000000000000000e+01
2.096144000826768161e-01 5.000000000000000000e-01 1.301823966666536991e+00 2.000000000000000000e+00 1.655000000000000000e+04 2.438130000000000130e+00 3.190729999999999955e-02 1.000000000000000000e+01 3.700000000000000000e+01
3.237394014347626525e-01 5.000000000000000000e-01 8.994651666671416024e-01 2.000000000000000000e+00 1.050000000000000000e+04 6.219519999999999709e+04 nan 1.000000000000000000e+01 3.700000000000000000e+01
5.000000000000000000e-01 5.000000000000000000e-01 1.866465666662406875e-01 2.000000000000000000e+00 2.500000000000000000e+02 7.875269999999999493e-02 1.629210000000000033e-02 1.000000000000000000e+01 3.700000000000000000e+01
1.000000000000000021e-02 5.000000000000000000e-01 2.589558199999979937e+00 1.000000000000000000e+00 3.630000000000000000e+04 1.720120000000000058e-04 7.444669999999999654e-06 8.000000000000000000e+00 3.700000000000000000e+01
1.544452104946378995e-02 5.000000000000000000e-01 4.226070100000167251e+00 1.000000000000000000e+00 6.000000000000000000e+04 2.337600000000000116e-04 1.001889999999999991e-05 8.000000000000000000e+00 3.700000000000000000e+01
2.385332304473300816e-02 5.000000000000000000e-01 2.948597933333682253e+00 1.000000000000000000e+00 4.165000000000000000e+04 3.587069999999999929e-04 1.799700000000000065e-05 8.000000000000000000e+00 3.700000000000000000e+01
3.684031498640386731e-02 5.000000000000000000e-01 2.049581866666509544e+00 2.000000000000000000e+00 2.850000000000000000e+04 1.696829999999999866e-02 3.030199999999999821e-04 8.000000000000000000e+00 3.700000000000000000e+01
5.689810202763907754e-02 5.000000000000000000e-01 1.416406433333274206e+00 2.000000000000000000e+00 1.845000000000000000e+04 9.344170000000000254e-02 1.451969999999999910e-03 8.000000000000000000e+00 3.700000000000000000e+01
8.787639344404100938e-02 5.000000000000000000e-01 1.002922899999248330e+00 2.000000000000000000e+00 1.195000000000000000e+04 9.596360000000000000e+16 nan 8.000000000000000000e+00 3.700000000000000000e+01
1.357208808297453162e-01 5.000000000000000000e-01 6.437580666673360374e-01 2.000000000000000000e+00 7.700000000000000000e+03 2.520839999999999886e-02 4.919479999999999730e-04 8.000000000000000000e+00 3.700000000000000000e+01
2.096144000826768161e-01 5.000000000000000000e-01 4.700334000002233670e-01 2.000000000000000000e+00 4.950000000000000000e+03 4.272029999999999578e-03 3.039990000000000010e-04 8.000000000000000000e+00 3.700000000000000000e+01
3.237394014347626525e-01 5.000000000000000000e-01 5.174940666668893519e-01 2.000000000000000000e+00 3.200000000000000000e+03 7.695229999999999952e-03 5.561770000000000385e-04 8.000000000000000000e+00 3.700000000000000000e+01
5.000000000000000000e-01 5.000000000000000000e-01 3.626351666668294338e-01 2.000000000000000000e+00 3.450000000000000000e+03 1.934610000000000000e+10 nan 8.000000000000000000e+00 3.700000000000000000e+01
1.000000000000000021e-02 5.000000000000000000e-01 3.806536033333637992e+00 2.000000000000000000e+00 5.145000000000000000e+04 1.519940000000000006e-03 9.050560000000000300e-05 5.000000000000000000e+00 3.700000000000000000e+01
1.544452104946378995e-02 5.000000000000000000e-01 2.327940866666418973e+00 2.000000000000000000e+00 3.310000000000000000e+04 2.936810000000000115e-02 8.435619999999999577e-04 5.000000000000000000e+00 3.700000000000000000e+01
2.385332304473300816e-02 5.000000000000000000e-01 1.615241066666082359e+00 2.000000000000000000e+00 2.155000000000000000e+04 1.672710000000000050e-04 nan 5.000000000000000000e+00 3.700000000000000000e+01
3.684031498640386731e-02 5.000000000000000000e-01 1.062815866667127240e+00 2.000000000000000000e+00 1.390000000000000000e+04 1.170769999999999970e-02 5.496049999999999937e-04 5.000000000000000000e+00 3.700000000000000000e+01
5.689810202763907754e-02 5.000000000000000000e-01 7.343465999996018345e-01 2.000000000000000000e+00 8.950000000000000000e+03 1.698170000000000073e+03 nan 5.000000000000000000e+00 3.700000000000000000e+01
8.787639344404100938e-02 5.000000000000000000e-01 7.951996999994056514e-01 2.000000000000000000e+00 1.000000000000000000e+04 1.431880000000000000e+06 nan 5.000000000000000000e+00 3.700000000000000000e+01
1.357208808297453162e-01 5.000000000000000000e-01 3.743125333336744798e-01 2.000000000000000000e+00 3.800000000000000000e+03 3.720080000000000175e-03 3.390789999999999972e-04 5.000000000000000000e+00 3.700000000000000000e+01
2.096144000826768161e-01 5.000000000000000000e-01 4.084648666672971440e-01 2.000000000000000000e+00 4.200000000000000000e+03 1.534409999999999941e-01 4.290730000000000412e-03 5.000000000000000000e+00 3.700000000000000000e+01
3.237394014347626525e-01 5.000000000000000000e-01 2.997544666668545688e-01 2.000000000000000000e+00 2.700000000000000000e+03 2.846480000000000000e+08 nan 5.000000000000000000e+00 3.700000000000000000e+01
5.000000000000000000e-01 5.000000000000000000e-01 1.765494999993582892e-01 2.000000000000000000e+00 1.000000000000000000e+03 2.022819999999999827e-02 2.026019999999999904e-03 5.000000000000000000e+00 3.700000000000000000e+01
