1.000000000000000021e-02 5.000000000000000000e-01 7.144536833278834820e+00 1.000000000000000000e+00 7.640000000000000000e+04 4.492989999999999820e-05 1.109509999999999987e-06 5.300000000000000000e+01 3.700000000000000000e+01
1.544452104946378995e-02 5.000000000000000000e-01 4.891612033320900998e+00 1.000000000000000000e+00 5.130000000000000000e+04 6.912279999999999488e-05 1.505840000000000096e-06 5.300000000000000000e+01 3.700000000000000000e+01
2.385332304473300816e-02 5.000000000000000000e-01 4.212387533353951774e+00 1.000000000000000000e+00 4.280000000000000000e+04 1.114729999999999947e-04 2.192790000000000142e-06 5.300000000000000000e+01 3.700000000000000000e+01
3.684031498640386731e-02 5.000000000000000000e-01 3.971240966697223485e+00 1.000000000000000000e+00 4.055000000000000000e+04 1.737280000000000009e-04 3.280480000000000057e-06 5.300000000000000000e+01 3.700000000000000000e+01
5.689810202763907754e-02 5.000000000000000000e-01 3.169072833339062978e+00 1.000000000000000000e+00 3.100000000000000000e+04 2.688419999999999851e-04 4.938709999999999680e-06 5.300000000000000000e+01 3.700000000000000000e+01
8.787639344404100938e-02 5.000000000000000000e-01 2.412807033319646965e+00 1.000000000000000000e+00 2.165000000000000000e+04 4.171259999999999768e-04 7.742400000000000614e-06 5.300000000000000000e+01 3.700000000000000000e+01
1.357208808297453162e-01 5.000000000000000000e-01 1.769891166710294783e+00 1.000000000000000000e+00 1.575000000000000000e+04 6.472080000000000281e-04 1.190319999999999981e-05 5.300000000000000000e+01 3.700000000000000000e+01
2.096144000826768161e-01 5.000000000000000000e-01 1.326959433344503170e+00 1.000000000000000000e+00 1.205000000000000000e+04 1.007319999999999917e-03 1.848639999999999973e-05 5.300000000000000000e+01 3.700000000000000000e+01
3.237394014347626525e-01 5.000000000000000000e-01 1.087983733353515392e+00 1.000000000000000000e+00 1.000000000000000000e+04 1.573509999999999969e-03 2.865639999999999892e-05 5.300000000000000000e+01 3.700000000000000000e+01
5.000000000000000000e-01 5.000000000000000000e-01 1.580515666476761394e-01 2.000000000000000000e+00 1.500000000000000000e+02 3.008859999999999868e-01 8.646169999999999897e-03 5.300000000000000000e+01 3.700000000000000000e+01
1.000000000000000021e-02 5.000000000000000278e-02 9.309195499983616173e+00 3.000000000000000000e+00 1.000000000000000000e+05 9.588669999999999794e-06 9.909130000000000534e-07 5.300000000000000000e+01 3.700000000000000000e+01
1.000000000000000021e-02 1.000000000000000056e-01 9.413127199979498982e+00 3.000000000000000000e+00 1.000000000000000000e+05 1.378029999999999917e-05 6.821719999999999757e-07 5.300000000000000000e+01 3.700000000000000000e+01
1.000000000000000021e-02 1.500000000000000222e-01 9.406153799965977669e+00 3.000000000000000000e+00 1.000000000000000000e+05 1.986159999999999971e-05 6.200660000000000150e-07 5.300000000000000000e+01 3.700000000000000000e+01
1.000000000000000021e-02 2.000000000000000111e-01 9.279103100067004561e+00 3.000000000000000000e+00 1.000000000000000000e+05 2.536580000000000030e-05 6.490959999999999514e-07 5.300000000000000000e+01 3.700000000000000000e+01
1.000000000000000021e-02 2.500000000000000000e-01 9.159766899887472391e+00 3.000000000000000000e+00 1.000000000000000000e+05 3.011120000000000064e-05 6.856300000000000322e-07 5.300000000000000000e+01 3.700000000000000000e+01
1.000000000000000021e-02 2.999999999999999889e-01 9.223030900000594556e+00 3.000000000000000000e+00 1.000000000000000000e+05 3.423540000000000090e-05 7.244660000000000234e-07 5.300000000000000000e+01 3.700000000000000000e+01
1.000000000000000021e-02 3.500000000000000333e-01 4.241177399992011487e+00 1.000000000000000000e+00 4.055000000000000000e+04 3.220959999999999736e-05 2.284750000000000021e-06 5.300000000000000000e+01 3.700000000000000000e+01
1.000000000000000021e-02 4.000000000000000222e-01 7.846676600049249828e+00 1.000000000000000000e+00 7.700000000000000000e+04 3.916150000000000105e-05 1.075929999999999921e-06 5.300000000000000000e+01 3.700000000000000000e+01
1.000000000000000021e-02 4.500000000000000111e-01 7.185444100061431527e+00 1.000000000000000000e+00 7.670000000000000000e+04 4.217230000000000279e-05 1.069869999999999931e-06 5.300000000000000000e+01 3.700000000000000000e+01
1.544452104946378995e-02 5.000000000000000278e-02 9.354203800088725984e+00 3.000000000000000000e+00 1.000000000000000000e+05 1.414390000000000022e-05 8.607740000000000023e-07 5.300000000000000000e+01 3.700000000000000000e+01
1.544452104946378995e-02 1.000000000000000056e-01 9.315728100016713142e+00 3.000000000000000000e+00 1.000000000000000000e+05 2.316629999999999875e-05 6.663100000000000419e-07 5.300000000000000000e+01 3.700000000000000000e+01
1.544452104946378995e-02 1.500000000000000222e-01 9.676082900026813149e+00 3.000000000000000000e+00 1.000000000000000000e+05 3.349559999999999826e-05 6.673870000000000190e-07 5.300000000000000000e+01 3.700000000000000000e+01
1.544452104946378995e-02 2.000000000000000111e-01 9.498967300052754581e+00 3.000000000000000000e+00 1.000000000000000000e+05 4.178920000000000301e-05 7.581559999999999499e-07 5.300000000000000000e+01 3.700000000000000000e+01
1.544452104946378995e-02 2.500000000000000000e-01 9.168064399971626699e+00 1.000000000000000000e+00 9.975000000000000000e+04 4.869459999999999961e-05 8.727209999999999702e-07 5.300000000000000000e+01 3.700000000000000000e+01
1.544452104946378995e-02 2.999999999999999889e-01 8.593754100031219423e+00 1.000000000000000000e+00 9.185000000000000000e+04 5.439650000000000003e-05 9.620070000000000459e-07 5.300000000000000000e+01 3.700000000000000000e+01
1.544452104946378995e-02 3.500000000000000333e-01 6.551894200034439564e+00 1.000000000000000000e+00 6.960000000000000000e+04 5.962189999999999916e-05 1.234050000000000069e-06 5.300000000000000000e+01 3.700000000000000000e+01
1.544452104946378995e-02 4.000000000000000222e-01 6.259611600078642368e+00 1.000000000000000000e+00 6.565000000000000000e+04 6.376990000000000078e-05 1.271359999999999971e-06 5.300000000000000000e+01 3.700000000000000000e+01
1.544452104946378995e-02 4.500000000000000111e-01 4.758681500097736716e+00 1.000000000000000000e+00 5.135000000000000000e+04 6.493210000000000127e-05 1.470269999999999943e-06 5.300000000000000000e+01 3.700000000000000000e+01
2.385332304473300816e-02 5.000000000000000278e-02 9.179581900010816753e+00 3.000000000000000000e+00 1.000000000000000000e+05 2.060260000000000159e-05 7.226029999999999491e-07 5.300000000000000000e+01 3.700000000000000000e+01
2.385332304473300816e-02 1.000000000000000056e-01 9.043477599974721670e+00 3.000000000000000000e+00 1.000000000000000000e+05 3.684259999999999857e-05 7.275509999999999481e-07 5.300000000000000000e+01 3.700000000000000000e+01
2.385332304473300816e-02 1.500000000000000222e-01 9.344515799893997610e+00 3.000000000000000000e+00 1.000000000000000000e+05 5.222049999999999918e-05 9.056570000000000476e-07 5.300000000000000000e+01 3.700000000000000000e+01
2.385332304473300816e-02 2.000000000000000111e-01 8.270059700007550418e+00 1.000000000000000000e+00 9.040000000000000000e+04 6.449749999999999700e-05 1.108119999999999946e-06 5.300000000000000000e+01 3.700000000000000000e+01
2.385332304473300816e-02 2.500000000000000000e-01 6.571862199925817549e+00 1.000000000000000000e+00 7.140000000000000000e+04 7.503290000000000458e-05 1.318989999999999928e-06 5.300000000000000000e+01 3.700000000000000000e+01
2.385332304473300816e-02 2.999999999999999889e-01 5.687847599969245493e+00 1.000000000000000000e+00 6.100000000000000000e+04 8.435290000000000344e-05 1.514049999999999929e-06 5.300000000000000000e+01 3.700000000000000000e+01
2.385332304473300816e-02 3.500000000000000333e-01 5.795116699999198318e+00 1.000000000000000000e+00 6.075000000000000000e+04 9.242800000000000343e-05 1.654340000000000029e-06 5.300000000000000000e+01 3.700000000000000000e+01
2.385332304473300816e-02 4.000000000000000222e-01 4.373008799972012639e+00 1.000000000000000000e+00 4.415000000000000000e+04 9.957530000000000190e-05 2.027049999999999930e-06 5.300000000000000000e+01 3.700000000000000000e+01
2.385332304473300816e-02 4.500000000000000111e-01 4.270957000087946653e+00 1.000000000000000000e+00 4.275000000000000000e+04 1.054060000000000001e-04 2.080469999999999835e-06 5.300000000000000000e+01 3.700000000000000000e+01
3.684031498640386731e-02 5.000000000000000278e-02 9.206901400000788271e+00 3.000000000000000000e+00 1.000000000000000000e+05 3.525699999999999803e-05 8.333490000000000065e-07 5.300000000000000000e+01 3.700000000000000000e+01
3.684031498640386731e-02 1.000000000000000056e-01 9.233046000008471310e+00 3.000000000000000000e+00 1.000000000000000000e+05 5.679709999999999869e-05 1.013090000000000028e-06 5.300000000000000000e+01 3.700000000000000000e+01
3.684031498640386731e-02 1.500000000000000222e-01 8.562667999998666346e+00 1.000000000000000000e+00 8.885000000000000000e+04 8.057349999999999690e-05 1.374769999999999968e-06 5.300000000000000000e+01 3.700000000000000000e+01
3.684031498640386731e-02 2.000000000000000111e-01 6.414514100062660873e+00 1.000000000000000000e+00 6.900000000000000000e+04 1.001009999999999959e-04 1.724009999999999990e-06 5.300000000000000000e+01 3.700000000000000000e+01
3.684031498640386731e-02 2.500000000000000000e-01 4.923590000020340085e+00 1.000000000000000000e+00 5.225000000000000000e+04 1.167600000000000002e-04 2.016130000000000041e-06 5.300000000000000000e+01 3.700000000000000000e+01
3.684031498640386731e-02 2.999999999999999889e-01 4.855925800045952201e+00 1.000000000000000000e+00 5.190000000000000000e+04 1.310489999999999984e-04 2.299979999999999873e-06 5.300000000000000000e+01 3.700000000000000000e+01
3.684031498640386731e-02 3.500000000000000333e-01 3.916754400008358061e+00 1.000000000000000000e+00 4.105000000000000000e+04 1.432700000000000022e-04 2.606219999999999841e-06 5.300000000000000000e+01 3.700000000000000000e+01
3.684031498640386731e-02 4.000000000000000222e-01 3.981249299948103726e+00 1.000000000000000000e+00 4.090000000000000000e+04 1.544709999999999920e-04 2.850309999999999905e-06 5.300000000000000000e+01 3.700000000000000000e+01
3.684031498640386731e-02 4.500000000000000111e-01 3.845311700017191470e+00 1.000000000000000000e+00 4.075000000000000000e+04 1.645729999999999979e-04 3.084390000000000212e-06 5.300000000000000000e+01 3.700000000000000000e+01
5.689810202763907754e-02 5.000000000000000278e-02 1.603814800037071109e+00 2.000000000000000000e+00 1.600000000000000000e+04 1.307979999999999976e-01 1.560039999999999951e-03 5.300000000000000000e+01 3.700000000000000000e+01
5.689810202763907754e-02 1.000000000000000056e-01 7.998101699980907142e+00 1.000000000000000000e+00 8.700000000000000000e+04 8.758650000000000582e-05 1.565750000000000001e-06 5.300000000000000000e+01 3.700000000000000000e+01
5.689810202763907754e-02 1.500000000000000222e-01 5.868817499955184758e+00 1.000000000000000000e+00 6.160000000000000000e+04 1.245599999999999865e-04 2.115030000000000060e-06 5.300000000000000000e+01 3.700000000000000000e+01
5.689810202763907754e-02 2.000000000000000111e-01 4.506184200057759881e+00 1.000000000000000000e+00 4.750000000000000000e+04 1.550909999999999962e-04 2.607539999999999856e-06 5.300000000000000000e+01 3.700000000000000000e+01
5.689810202763907754e-02 2.500000000000000000e-01 3.395887899911031127e+00 1.000000000000000000e+00 3.550000000000000000e+04 1.804110000000000045e-04 3.126810000000000138e-06 5.300000000000000000e+01 3.700000000000000000e+01
5.689810202763907754e-02 2.999999999999999889e-01 3.336077899904921651e+00 1.000000000000000000e+00 3.530000000000000000e+04 2.026089999999999976e-04 3.546370000000000064e-06 5.300000000000000000e+01 3.700000000000000000e+01
5.689810202763907754e-02 3.500000000000000333e-01 3.402406700071878731e+00 1.000000000000000000e+00 3.505000000000000000e+04 2.220389999999999929e-04 3.966500000000000055e-06 5.300000000000000000e+01 3.700000000000000000e+01
5.689810202763907754e-02 4.000000000000000222e-01 3.091469999984838068e+00 1.000000000000000000e+00 3.135000000000000000e+04 2.389109999999999899e-04 4.243419999999999599e-06 5.300000000000000000e+01 3.700000000000000000e+01
5.689810202763907754e-02 4.500000000000000111e-01 3.022173300036229193e+00 1.000000000000000000e+00 3.115000000000000000e+04 2.545870000000000207e-04 4.609280000000000362e-06 5.300000000000000000e+01 3.700000000000000000e+01
8.787639344404100938e-02 5.000000000000000278e-02 4.207752000074833632e-01 2.000000000000000000e+00 3.050000000000000000e+03 3.804100000000000259e-01 3.684880000000000187e-03 5.300000000000000000e+01 3.700000000000000000e+01
8.787639344404100938e-02 1.000000000000000056e-01 4.915468599996529520e+00 2.000000000000000000e+00 5.100000000000000000e+04 6.721380000000000410e-02 2.235689999999999813e-03 5.300000000000000000e+01 3.700000000000000000e+01
8.787639344404100938e-02 1.500000000000000222e-01 4.252583199995569885e+00 1.000000000000000000e+00 4.350000000000000000e+04 1.926470000000000005e-04 3.263190000000000092e-06 5.300000000000000000e+01 3.700000000000000000e+01
8.787639344404100938e-02 2.000000000000000111e-01 3.297347599989734590e+00 1.000000000000000000e+00 3.470000000000000000e+04 2.398179999999999865e-04 4.064230000000000388e-06 5.300000000000000000e+01 3.700000000000000000e+01
8.787639344404100938e-02 2.500000000000000000e-01 2.530972499982453883e+00 1.000000000000000000e+00 2.470000000000000000e+04 2.790579999999999970e-04 4.795819999999999596e-06 5.300000000000000000e+01 3.700000000000000000e+01
8.787639344404100938e-02 2.999999999999999889e-01 2.429828600026667118e+00 1.000000000000000000e+00 2.455000000000000000e+04 3.133389999999999895e-04 5.438650000000000012e-06 5.300000000000000000e+01 3.700000000000000000e+01
8.787639344404100938e-02 3.500000000000000333e-01 2.422131599974818528e+00 1.000000000000000000e+00 2.435000000000000000e+04 3.436480000000000003e-04 6.063340000000000294e-06 5.300000000000000000e+01 3.700000000000000000e+01
8.787639344404100938e-02 4.000000000000000222e-01 2.460666800034232438e+00 1.000000000000000000e+00 2.415000000000000000e+04 3.706320000000000252e-04 6.646489999999999954e-06 5.300000000000000000e+01 3.700000000000000000e+01
8.787639344404100938e-02 4.500000000000000111e-01 2.317877700086683035e+00 1.000000000000000000e+00 2.385000000000000000e+04 3.949700000000000216e-04 7.206029999999999683e-06 5.300000000000000000e+01 3.700000000000000000e+01
1.357208808297453162e-01 5.000000000000000278e-02 2.377054999815300107e-01 2.000000000000000000e+00 1.100000000000000000e+03 inf nan 5.300000000000000000e+01 3.700000000000000000e+01
1.357208808297453162e-01 1.000000000000000056e-01 2.994612000184133649e-01 2.000000000000000000e+00 1.800000000000000000e+03 8.336369999999999672e+20 2.243510000000000000e+18 5.300000000000000000e+01 3.700000000000000000e+01
1.357208808297453162e-01 1.500000000000000222e-01 8.683603000827133656e-01 2.000000000000000000e+00 8.000000000000000000e+03 7.050839999999999885e-02 3.362640000000000073e-03 5.300000000000000000e+01 3.700000000000000000e+01
1.357208808297453162e-01 2.000000000000000111e-01 2.483652999973855913e+00 1.000000000000000000e+00 2.560000000000000000e+04 3.716470000000000147e-04 6.259289999999999663e-06 5.300000000000000000e+01 3.700000000000000000e+01
1.357208808297453162e-01 2.500000000000000000e-01 1.786210600053891540e+00 1.000000000000000000e+00 1.775000000000000000e+04 4.330390000000000259e-04 7.430939999999999703e-06 5.300000000000000000e+01 3.700000000000000000e+01
1.357208808297453162e-01 2.999999999999999889e-01 1.760946700000204146e+00 1.000000000000000000e+00 1.765000000000000000e+04 4.864000000000000051e-04 8.460619999999999643e-06 5.300000000000000000e+01 3.700000000000000000e+01
1.357208808297453162e-01 3.500000000000000333e-01 1.753667200100608170e+00 1.000000000000000000e+00 1.755000000000000000e+04 5.333580000000000525e-04 9.420810000000000355e-06 5.300000000000000000e+01 3.700000000000000000e+01
1.357208808297453162e-01 4.000000000000000222e-01 1.769680600031279027e+00 1.000000000000000000e+00 1.740000000000000000e+04 5.752440000000000374e-04 1.031389999999999963e-05 5.300000000000000000e+01 3.700000000000000000e+01
1.357208808297453162e-01 4.500000000000000111e-01 1.734151300042867661e+00 1.000000000000000000e+00 1.725000000000000000e+04 6.130260000000000223e-04 1.115039999999999915e-05 5.300000000000000000e+01 3.700000000000000000e+01
2.096144000826768161e-01 5.000000000000000278e-02 1.685812999494373798e-01 2.000000000000000000e+00 4.000000000000000000e+02 2.320119999999999960e-01 1.686469999999999983e-02 5.300000000000000000e+01 3.700000000000000000e+01
2.096144000826768161e-01 1.000000000000000056e-01 1.696095999795943499e-01 2.000000000000000000e+00 5.000000000000000000e+02 1.887620000000000131e-01 1.072560000000000006e-02 5.300000000000000000e+01 3.700000000000000000e+01
2.096144000826768161e-01 1.500000000000000222e-01 1.875308000016957521e-01 2.000000000000000000e+00 7.000000000000000000e+02 4.780360000000000165e-01 7.454879999999999667e-03 5.300000000000000000e+01 3.700000000000000000e+01
2.096144000826768161e-01 2.000000000000000111e-01 2.470908999675884843e-01 2.000000000000000000e+00 1.250000000000000000e+03 4.135470000000000000e+16 1.570960000000000000e+14 5.300000000000000000e+01 3.700000000000000000e+01
2.096144000826768161e-01 2.500000000000000000e-01 7.824407999869436026e-01 2.000000000000000000e+00 7.050000000000000000e+03 3.417840000000000000e+16 9.430730000000000000e+13 5.300000000000000000e+01 3.700000000000000000e+01
2.096144000826768161e-01 2.999999999999999889e-01 1.432818199973553419e+00 1.000000000000000000e+00 1.320000000000000000e+04 7.553399999999999611e-04 1.306799999999999923e-05 5.300000000000000000e+01 3.700000000000000000e+01
2.096144000826768161e-01 3.500000000000000333e-01 1.419387100031599402e+00 1.000000000000000000e+00 1.310000000000000000e+04 8.284860000000000228e-04 1.455740000000000059e-05 5.300000000000000000e+01 3.700000000000000000e+01
2.096144000826768161e-01 4.000000000000000222e-01 1.414849500055424869e+00 1.000000000000000000e+00 1.305000000000000000e+04 8.939920000000000288e-04 1.593669999999999939e-05 5.300000000000000000e+01 3.700000000000000000e+01
2.096144000826768161e-01 4.500000000000000111e-01 1.313252099906094372e+00 1.000000000000000000e+00 1.290000000000000000e+04 9.532860000000000205e-04 1.724209999999999878e-05 5.300000000000000000e+01 3.700000000000000000e+01
3.237394014347626525e-01 5.000000000000000278e-02 1.392073000315576792e-01 2.000000000000000000e+00 1.500000000000000000e+02 1.001080000000000041e+03 5.765729999999999578e+00 5.300000000000000000e+01 3.700000000000000000e+01
3.237394014347626525e-01 1.000000000000000056e-01 2.379461000673472881e-01 2.000000000000000000e+00 1.500000000000000000e+02 1.632490000000000052e-01 9.399779999999999941e-03 5.300000000000000000e+01 3.700000000000000000e+01
3.237394014347626525e-01 1.500000000000000222e-01 1.416876999428495765e-01 2.000000000000000000e+00 2.000000000000000000e+02 3.180720000000000214e-01 1.465980000000000061e-02 5.300000000000000000e+01 3.700000000000000000e+01
3.237394014347626525e-01 2.000000000000000111e-01 1.537096999818459153e-01 2.000000000000000000e+00 2.500000000000000000e+02 1.885219999999999951e-01 1.428079999999999974e-02 5.300000000000000000e+01 3.700000000000000000e+01
3.237394014347626525e-01 2.500000000000000000e-01 1.513566999929025769e-01 2.000000000000000000e+00 3.500000000000000000e+02 inf nan 5.300000000000000000e+01 3.700000000000000000e+01
3.237394014347626525e-01 2.999999999999999889e-01 1.705281999893486500e-01 2.000000000000000000e+00 4.500000000000000000e+02 5.699150000000000000e+06 1.515500000000000000e+04 5.300000000000000000e+01 3.700000000000000000e+01
3.237394014347626525e-01 3.500000000000000333e-01 1.947441999800503254e-01 2.000000000000000000e+00 7.500000000000000000e+02 2.961799999999999988e-01 9.106400000000000605e-03 5.300000000000000000e+01 3.700000000000000000e+01
3.237394014347626525e-01 4.000000000000000222e-01 3.054750000592321157e-01 2.000000000000000000e+00 2.000000000000000000e+03 5.174220000000000000e+07 4.569120000000000000e+05 5.300000000000000000e+01 3.700000000000000000e+01
3.237394014347626525e-01 4.500000000000000111e-01 1.038297999999485910e+00 1.000000000000000000e+00 1.015000000000000000e+04 1.487690000000000063e-03 2.670870000000000061e-05 5.300000000000000000e+01 3.700000000000000000e+01
5.000000000000000000e-01 5.000000000000000278e-02 1.352671999484300613e-01 2.000000000000000000e+00 5.000000000000000000e+01 2.187570000000000070e-01 8.972920000000000548e-03 5.300000000000000000e+01 3.700000000000000000e+01
5.000000000000000000e-01 1.000000000000000056e-01 1.333840999286621809e-01 2.000000000000000000e+00 5.000000000000000000e+01 1.454660000000000120e-01 6.328969999999999735e-03 5.300000000000000000e+01 3.700000000000000000e+01
5.000000000000000000e-01 1.500000000000000222e-01 1.308572000125423074e-01 2.000000000000000000e+00 5.000000000000000000e+01 9.694740000000000302e-02 4.575000000000000074e-03 5.300000000000000000e+01 3.700000000000000000e+01
5.000000000000000000e-01 2.000000000000000111e-01 1.358660999685525894e-01 2.000000000000000000e+00 5.000000000000000000e+01 6.651669999999999805e-02 3.358129999999999969e-03 5.300000000000000000e+01 3.700000000000000000e+01
5.000000000000000000e-01 2.500000000000000000e-01 2.390038000885397196e-01 2.000000000000000000e+00 1.000000000000000000e+02 inf nan 5.300000000000000000e+01 3.700000000000000000e+01
5.000000000000000000e-01 2.999999999999999889e-01 1.336757999379187822e-01 2.000000000000000000e+00 1.000000000000000000e+02 5.201480000000000548e-01 1.874889999999999890e-02 5.300000000000000000e+01 3.700000000000000000e+01
5.000000000000000000e-01 3.500000000000000333e-01 1.350923000136390328e-01 2.000000000000000000e+00 1.000000000000000000e+02 2.943879999999999830e-01 1.062120000000000078e-02 5.300000000000000000e+01 3.700000000000000000e+01
5.000000000000000000e-01 4.000000000000000222e-01 1.368769999826326966e-01 2.000000000000000000e+00 1.000000000000000000e+02 1.853819999999999912e-01 6.689450000000000431e-03 5.300000000000000000e+01 3.700000000000000000e+01
5.000000000000000000e-01 4.500000000000000111e-01 1.384543000021949410e-01 2.000000000000000000e+00 1.500000000000000000e+02 1.992909999999999826e+01 1.002019999999999994e-01 5.300000000000000000e+01 3.700000000000000000e+01
1.357208808297453162e-01 5.000000000000000000e-01 7.504371999918172387e-01 2.000000000000000000e+00 7.600000000000000000e+03 1.700410000000000072e-03 1.400130000000000027e-04 5.000000000000000000e+00 3.700000000000000000e+01
1.357208808297453162e-01 5.000000000000000000e-01 1.357071666667858834e+00 1.000000000000000000e+00 1.595000000000000000e+04 1.774370000000000114e-02 2.077020000000000114e-04 8.000000000000000000e+00 3.700000000000000000e+01
1.357208808297453162e-01 5.000000000000000000e-01 9.172851000136384991e-01 1.000000000000000000e+00 9.800000000000000000e+03 1.243059999999999998e-02 1.934980000000000098e-04 1.000000000000000000e+01 3.700000000000000000e+01
1.357208808297453162e-01 5.000000000000000000e-01 7.680465667120491835e-01 1.000000000000000000e+00 8.100000000000000000e+03 4.487670000000000027e-03 9.944639999999999708e-05 1.600000000000000000e+01 3.700000000000000000e+01
1.357208808297453162e-01 5.000000000000000000e-01 1.152588766689101929e+00 1.000000000000000000e+00 1.100000000000000000e+04 1.528569999999999929e-03 4.354249999999999858e-05 2.700000000000000000e+01 3.700000000000000000e+01
1.357208808297453162e-01 5.000000000000000000e-01 1.458948766696266830e+00 1.000000000000000000e+00 1.435000000000000000e+04 7.686799999999999926e-04 1.521780000000000023e-05 4.600000000000000000e+01 3.700000000000000000e+01
1.357208808297453162e-01 5.000000000000000000e-01 2.155461899975004147e+00 1.000000000000000000e+00 2.045000000000000000e+04 4.269480000000000193e-04 6.193689999999999817e-06 7.700000000000000000e+01 3.700000000000000000e+01
1.357208808297453162e-01 5.000000000000000000e-01 2.911722033323409509e+00 1.000000000000000000e+00 2.410000000000000000e+04 2.273719999999999908e-04 2.194520000000000039e-06 1.290000000000000000e+02 3.700000000000000000e+01
1.357208808297453162e-01 5.000000000000000000e-01 5.339503933365146615e+00 1.000000000000000000e+00 3.515000000000000000e+04 1.042690000000000007e-04 1.201979999999999967e-06 2.150000000000000000e+02 3.700000000000000000e+01
1.357208808297453162e-01 5.000000000000000000e-01 9.502241599955596030e+00 1.000000000000000000e+00 4.845000000000000000e+04 9.116060000000000265e-05 1.405390000000000066e-06 3.590000000000000000e+02 3.700000000000000000e+01
1.357208808297453162e-01 5.000000000000000000e-01 2.096262643334921449e+01 1.000000000000000000e+00 7.685000000000000000e+04 8.245869999999999708e-05 1.514730000000000065e-06 5.990000000000000000e+02 3.700000000000000000e+01
1.357208808297453162e-01 5.000000000000000000e-01 4.229748996665390592e+01 3.000000000000000000e+00 1.000000000000000000e+05 7.371920000000000393e-05 1.568599999999999898e-06 1.000000000000000000e+03 3.700000000000000000e+01
1.000000000000000021e-02 5.000000000000000000e-01 6.265165200000107681e+00 1.000000000000000000e+00 1.625000000000000000e+04 4.918239999999999857e-05 2.208360000000000063e-06 1.000000000000000000e+03 3.700000000000000000e+01
1.544452104946378995e-02 5.000000000000000000e-01 4.618679166666879610e+00 1.000000000000000000e+00 1.210000000000000000e+04 7.014609999999999574e-05 3.487270000000000071e-06 1.000000000000000000e+03 3.700000000000000000e+01
2.385332304473300816e-02 5.000000000000000000e-01 5.404134766666781609e+00 1.000000000000000000e+00 1.400000000000000000e+04 5.108329999999999929e-05 5.124889999999999987e-06 1.000000000000000000e+03 3.700000000000000000e+01
3.684031498640386731e-02 5.000000000000000000e-01 3.744983223333323252e+01 3.000000000000000000e+00 1.000000000000000000e+05 1.908879999999999925e-05 1.345869999999999915e-06 1.000000000000000000e+03 3.700000000000000000e+01
5.689810202763907754e-02 5.000000000000000000e-01 3.839564026666690921e+01 3.000000000000000000e+00 1.000000000000000000e+05 3.090180000000000287e-05 1.524719999999999905e-06 1.000000000000000000e+03 3.700000000000000000e+01
8.787639344404100938e-02 5.000000000000000000e-01 3.815103849999983510e+01 3.000000000000000000e+00 1.000000000000000000e+05 4.830000000000000173e-05 1.441109999999999912e-06 1.000000000000000000e+03 3.700000000000000000e+01
2.096144000826768161e-01 5.000000000000000000e-01 7.365839000003688852e-01 2.000000000000000000e+00 1.650000000000000000e+03 6.680739999999999457e-01 5.135670000000000165e-03 1.000000000000000000e+03 3.700000000000000000e+01
3.237394014347626525e-01 5.000000000000000000e-01 2.250789999998232815e-01 2.000000000000000000e+00 3.000000000000000000e+02 3.288279999999999900e+26 nan 1.000000000000000000e+03 3.700000000000000000e+01
5.000000000000000000e-01 5.000000000000000000e-01 1.772394999998141429e-01 2.000000000000000000e+00 5.000000000000000000e+01 1.927300000000000124e-01 2.223140000000000185e-03 1.000000000000000000e+03 3.700000000000000000e+01
1.000000000000000021e-02 5.000000000000000000e-01 4.431082100000215185e+00 1.000000000000000000e+00 1.705000000000000000e+04 3.349410000000000175e-05 3.908890000000000110e-06 5.990000000000000000e+02 3.700000000000000000e+01
1.544452104946378995e-02 5.000000000000000000e-01 3.391820700000304445e+00 1.000000000000000000e+00 1.285000000000000000e+04 4.720260000000000102e-05 5.574199999999999926e-06 5.990000000000000000e+02 3.700000000000000000e+01
2.385332304473300816e-02 5.000000000000000000e-01 2.532515693333364837e+01 3.000000000000000000e+00 1.000000000000000000e+05 1.440360000000000047e-05 1.554820000000000048e-06 5.990000000000000000e+02 3.700000000000000000e+01
3.684031498640386731e-02 5.000000000000000000e-01 2.633381489999980474e+01 3.000000000000000000e+00 1.000000000000000000e+05 2.083019999999999921e-05 1.279979999999999898e-06 5.990000000000000000e+02 3.700000000000000000e+01
5.689810202763907754e-02 5.000000000000000000e-01 2.613246713333319349e+01 3.000000000000000000e+00 1.000000000000000000e+05 3.301480000000000110e-05 8.230189999999999928e-07 5.990000000000000000e+02 3.700000000000000000e+01
8.787639344404100938e-02 5.000000000000000000e-01 2.535888366666707228e+01 3.000000000000000000e+00 1.000000000000000000e+05 5.294309999999999799e-05 9.705010000000000954e-07 5.990000000000000000e+02 3.700000000000000000e+01
2.096144000826768161e-01 5.000000000000000000e-01 6.054452000001523393e-01 2.000000000000000000e+00 1.900000000000000000e+03 7.766800000000000370e-01 1.408249999999999953e-02 5.990000000000000000e+02 3.700000000000000000e+01
3.237394014347626525e-01 5.000000000000000000e-01 1.996756666667351965e-01 2.000000000000000000e+00 3.000000000000000000e+02 5.122569999999999721e+26 nan 5.990000000000000000e+02 3.700000000000000000e+01
5.000000000000000000e-01 5.000000000000000000e-01 1.355183333334935014e-01 2.000000000000000000e+00 5.000000000000000000e+01 1.927129999999999954e-01 3.605629999999999859e-03 5.990000000000000000e+02 3.700000000000000000e+01
1.000000000000000021e-02 5.000000000000000000e-01 2.399031999999957865e+00 1.000000000000000000e+00 1.210000000000000000e+04 4.265539999999999821e-05 5.959529999999999843e-06 3.590000000000000000e+02 3.700000000000000000e+01
1.544452104946378995e-02 5.000000000000000000e-01 1.879793276666653767e+01 3.000000000000000000e+00 1.000000000000000000e+05 9.905380000000000359e-06 1.257979999999999939e-06 3.590000000000000000e+02 3.700000000000000000e+01
2.385332304473300816e-02 5.000000000000000000e-01 1.843158893333353987e+01 3.000000000000000000e+00 1.000000000000000000e+05 1.679289999999999977e-05 1.011610000000000043e-06 3.590000000000000000e+02 3.700000000000000000e+01
3.684031498640386731e-02 5.000000000000000000e-01 1.857225633333352377e+01 3.000000000000000000e+00 1.000000000000000000e+05 2.500450000000000090e-05 5.236899999999999996e-07 3.590000000000000000e+02 3.700000000000000000e+01
5.689810202763907754e-02 5.000000000000000000e-01 1.806054713333348261e+01 1.000000000000000000e+00 9.635000000000000000e+04 3.772869999999999674e-05 5.976609999999999941e-07 3.590000000000000000e+02 3.700000000000000000e+01
8.787639344404100938e-02 5.000000000000000000e-01 1.359037783333315019e+01 1.000000000000000000e+00 7.215000000000000000e+04 5.838060000000000141e-05 8.889790000000000355e-07 3.590000000000000000e+02 3.700000000000000000e+01
2.096144000826768161e-01 5.000000000000000000e-01 4.241179333333396362e-01 2.000000000000000000e+00 1.600000000000000000e+03 6.776549999999999944e+28 nan 3.590000000000000000e+02 3.700000000000000000e+01
3.237394014347626525e-01 5.000000000000000000e-01 1.620182666665641591e-01 2.000000000000000000e+00 2.500000000000000000e+02 3.088929999999999731e-01 1.855559999999999848e-02 3.590000000000000000e+02 3.700000000000000000e+01
5.000000000000000000e-01 5.000000000000000000e-01 1.609330666666816401e-01 2.000000000000000000e+00 5.000000000000000000e+01 1.926589999999999969e-01 6.054490000000000045e-03 3.590000000000000000e+02 3.700000000000000000e+01
1.000000000000000021e-02 5.000000000000000000e-01 1.371764273333307393e+01 3.000000000000000000e+00 1.000000000000000000e+05 9.312069999999999766e-06 1.157290000000000062e-06 2.150000000000000000e+02 3.700000000000000000e+01
1.544452104946378995e-02 5.000000000000000000e-01 1.355606503333334878e+01 3.000000000000000000e+00 1.000000000000000000e+05 1.327710000000000032e-05 6.340330000000000500e-07 2.150000000000000000e+02 3.700000000000000000e+01
2.385332304473300816e-02 5.000000000000000000e-01 1.342221363333343653e+01 3.000000000000000000e+00 1.000000000000000000e+05 1.879239999999999985e-05 3.485869999999999966e-07 2.150000000000000000e+02 3.700000000000000000e+01
3.684031498640386731e-02 5.000000000000000000e-01 1.375862406666662174e+01 3.000000000000000000e+00 1.000000000000000000e+05 2.803170000000000133e-05 3.535139999999999983e-07 2.150000000000000000e+02 3.700000000000000000e+01
5.689810202763907754e-02 5.000000000000000000e-01 9.488421566666753293e+00 1.000000000000000000e+00 6.880000000000000000e+04 4.346269999999999978e-05 5.289500000000000348e-07 2.150000000000000000e+02 3.700000000000000000e+01
8.787639344404100938e-02 5.000000000000000000e-01 7.121655266666493844e+00 1.000000000000000000e+00 5.170000000000000000e+04 6.731029999999999826e-05 7.819579999999999932e-07 2.150000000000000000e+02 3.700000000000000000e+01
2.096144000826768161e-01 5.000000000000000000e-01 7.280275833333689661e+00 1.000000000000000000e+00 5.210000000000000000e+04 1.624150000000000094e-04 1.892339999999999910e-06 2.150000000000000000e+02 3.700000000000000000e+01
3.237394014347626525e-01 5.000000000000000000e-01 1.385526333330441562e-01 2.000000000000000000e+00 2.000000000000000000e+02 2.097950000000000093e-01 1.347330000000000055e-02 2.150000000000000000e+02 3.700000000000000000e+01
5.000000000000000000e-01 5.000000000000000000e-01 1.175391999995554215e-01 2.000000000000000000e+00 5.000000000000000000e+01 1.925699999999999912e-01 1.016519999999999924e-02 2.150000000000000000e+02 3.700000000000000000e+01
1.000000000000000021e-02 5.000000000000000000e-01 1.051810989999982304e+01 3.000000000000000000e+00 1.000000000000000000e+05 1.482610000000000023e-05 5.578980000000000370e-07 1.290000000000000000e+02 3.700000000000000000e+01
1.544452104946378995e-02 5.000000000000000000e-01 1.072188363333346750e+01 3.000000000000000000e+00 1.000000000000000000e+05 2.516360000000000078e-05 4.204019999999999815e-07 1.290000000000000000e+02 3.700000000000000000e+01
2.385332304473300816e-02 5.000000000000000000e-01 1.066185999999985690e+01 3.000000000000000000e+00 1.000000000000000000e+05 3.975750000000000009e-05 3.949579999999999821e-07 1.290000000000000000e+02 3.700000000000000000e+01
3.684031498640386731e-02 5.000000000000000000e-01 8.178724600000046863e+00 1.000000000000000000e+00 7.585000000000000000e+04 6.115960000000000309e-05 6.042320000000000070e-07 1.290000000000000000e+02 3.700000000000000000e+01
5.689810202763907754e-02 5.000000000000000000e-01 5.400716733333562836e+00 1.000000000000000000e+00 5.065000000000000000e+04 9.454800000000000346e-05 9.258769999999999997e-07 1.290000000000000000e+02 3.700000000000000000e+01
8.787639344404100938e-02 5.000000000000000000e-01 3.729856666666516052e+00 1.000000000000000000e+00 3.445000000000000000e+04 1.461839999999999949e-04 1.436899999999999956e-06 1.290000000000000000e+02 3.700000000000000000e+01
2.096144000826768161e-01 5.000000000000000000e-01 2.137344399999771216e+00 1.000000000000000000e+00 1.915000000000000000e+04 3.526989999999999921e-04 3.448010000000000128e-06 1.290000000000000000e+02 3.700000000000000000e+01
3.237394014347626525e-01 5.000000000000000000e-01 4.138662100000146893e+00 1.000000000000000000e+00 3.805000000000000000e+04 3.138420000000000099e-02 4.394800000000000139e-04 1.290000000000000000e+02 3.700000000000000000e+01
5.000000000000000000e-01 5.000000000000000000e-01 1.230885000001459700e-01 2.000000000000000000e+00 1.000000000000000000e+02 2.030150000000000010e-01 1.367980000000000064e-02 1.290000000000000000e+02 3.700000000000000000e+01
1.000000000000000021e-02 5.000000000000000000e-01 3.289507933333576606e+00 1.000000000000000000e+00 3.620000000000000000e+04 2.388789999999999875e-05 3.357060000000000178e-06 7.700000000000000000e+01 3.700000000000000000e+01
1.544452104946378995e-02 5.000000000000000000e-01 8.582738800000091928e+00 1.000000000000000000e+00 9.570000000000000000e+04 4.793959999999999753e-05 7.537940000000000330e-07 7.700000000000000000e+01 3.700000000000000000e+01
2.385332304473300816e-02 5.000000000000000000e-01 5.774614133333368038e+00 1.000000000000000000e+00 6.390000000000000000e+04 7.416130000000000432e-05 1.131530000000000074e-06 7.700000000000000000e+01 3.700000000000000000e+01
3.684031498640386731e-02 5.000000000000000000e-01 4.739310899999812143e+00 1.000000000000000000e+00 5.230000000000000000e+04 1.148210000000000040e-04 1.684850000000000055e-06 7.700000000000000000e+01 3.700000000000000000e+01
5.689810202763907754e-02 5.000000000000000000e-01 3.505912033333212552e+00 1.000000000000000000e+00 3.790000000000000000e+04 1.774909999999999986e-04 2.575979999999999857e-06 7.700000000000000000e+01 3.700000000000000000e+01
8.787639344404100938e-02 5.000000000000000000e-01 2.461493799999819654e+00 1.000000000000000000e+00 2.610000000000000000e+04 2.752400000000000007e-04 3.981849999999999832e-06 7.700000000000000000e+01 3.700000000000000000e+01
2.096144000826768161e-01 5.000000000000000000e-01 1.488657966666930177e+00 1.000000000000000000e+00 1.500000000000000000e+04 6.632780000000000013e-04 9.615650000000000000e-06 7.700000000000000000e+01 3.700000000000000000e+01
3.237394014347626525e-01 5.000000000000000000e-01 1.172038733333465643e+00 1.000000000000000000e+00 1.150000000000000000e+04 1.033700000000000027e-03 1.494040000000000014e-05 7.700000000000000000e+01 3.700000000000000000e+01
5.000000000000000000e-01 5.000000000000000000e-01 1.252904333335512488e-01 2.000000000000000000e+00 1.500000000000000000e+02 1.333760000000000000e+10 2.862460000000000000e+07 7.700000000000000000e+01 3.700000000000000000e+01
1.000000000000000021e-02 5.000000000000000000e-01 3.361216699999810320e+00 1.000000000000000000e+00 3.755000000000000000e+04 4.864459999999999840e-05 2.184819999999999946e-06 4.600000000000000000e+01 3.700000000000000000e+01
1.544452104946378995e-02 5.000000000000000000e-01 4.474709099999927275e+00 1.000000000000000000e+00 5.215000000000000000e+04 8.344140000000000378e-05 1.748769999999999903e-06 4.600000000000000000e+01 3.700000000000000000e+01
2.385332304473300816e-02 5.000000000000000000e-01 3.644226899999921443e+00 1.000000000000000000e+00 4.275000000000000000e+04 1.326520000000000032e-04 2.714580000000000105e-06 4.600000000000000000e+01 3.700000000000000000e+01
3.684031498640386731e-02 5.000000000000000000e-01 3.510270066666635103e+00 1.000000000000000000e+00 3.995000000000000000e+04 2.060900000000000004e-04 4.139689999999999662e-06 4.600000000000000000e+01 3.700000000000000000e+01
5.689810202763907754e-02 5.000000000000000000e-01 2.371711266666958640e+00 1.000000000000000000e+00 2.745000000000000000e+04 3.189299999999999839e-04 6.386369999999999978e-06 4.600000000000000000e+01 3.700000000000000000e+01
8.787639344404100938e-02 5.000000000000000000e-01 1.702577499999885502e+00 1.000000000000000000e+00 1.945000000000000000e+04 4.943080000000000520e-04 9.743490000000000118e-06 4.600000000000000000e+01 3.700000000000000000e+01
2.096144000826768161e-01 5.000000000000000000e-01 1.029555933333237361e+00 1.000000000000000000e+00 1.105000000000000000e+04 1.197649999999999973e-03 2.355859999999999836e-05 4.600000000000000000e+01 3.700000000000000000e+01
3.237394014347626525e-01 5.000000000000000000e-01 8.434599333334821258e-01 1.000000000000000000e+00 8.900000000000000000e+03 1.874659999999999998e-03 3.653349999999999843e-05 4.600000000000000000e+01 3.700000000000000000e+01
5.000000000000000000e-01 5.000000000000000000e-01 2.664903333331191670e-01 2.000000000000000000e+00 2.000000000000000000e+02 2.217039999999999922e+27 nan 4.600000000000000000e+01 3.700000000000000000e+01
1.000000000000000021e-02 5.000000000000000000e-01 4.066470699999929828e+00 1.000000000000000000e+00 5.155000000000000000e+04 1.111320000000000060e-04 3.444680000000000111e-06 2.700000000000000000e+01 3.700000000000000000e+01
1.544452104946378995e-02 5.000000000000000000e-01 2.835059933333468507e+00 1.000000000000000000e+00 3.575000000000000000e+04 1.724449999999999930e-04 5.033249999999999625e-06 2.700000000000000000e+01 3.700000000000000000e+01
2.385332304473300816e-02 5.000000000000000000e-01 2.029704266666461532e+00 1.000000000000000000e+00 2.495000000000000000e+04 2.678080000000000217e-04 7.724179999999999965e-06 2.700000000000000000e+01 3.700000000000000000e+01
3.684031498640386731e-02 5.000000000000000000e-01 2.258742333333733310e+00 1.000000000000000000e+00 2.755000000000000000e+04 4.115619999999999739e-04 1.180400000000000083e-05 2.700000000000000000e+01 3.700000000000000000e+01
5.689810202763907754e-02 5.000000000000000000e-01 1.645819800000026589e+00 1.000000000000000000e+00 1.950000000000000000e+04 6.365939999999999837e-04 1.824760000000000127e-05 2.700000000000000000e+01 3.700000000000000000e+01
8.787639344404100938e-02 5.000000000000000000e-01 1.237976433333339399e+00 1.000000000000000000e+00 1.430000000000000000e+04 9.849069999999999266e-04 2.810509999999999964e-05 2.700000000000000000e+01 3.700000000000000000e+01
2.096144000826768161e-01 5.000000000000000000e-01 8.297780666668282956e-01 1.000000000000000000e+00 8.900000000000000000e+03 2.381170000000000161e-03 6.751280000000000182e-05 2.700000000000000000e+01 3.700000000000000000e+01
3.237394014347626525e-01 5.000000000000000000e-01 7.900183000001561595e-01 1.000000000000000000e+00 7.500000000000000000e+03 3.733359999999999804e-03 1.050790000000000014e-04 2.700000000000000000e+01 3.700000000000000000e+01
5.000000000000000000e-01 5.000000000000000000e-01 1.670831333334111546e-01 2.000000000000000000e+00 2.500000000000000000e+02 3.216800000000000215e-01 1.874189999999999884e-02 2.700000000000000000e+01 3.700000000000000000e+01
1.000000000000000021e-02 5.000000000000000000e-01 1.326308099999853995e+00 1.000000000000000000e+00 1.655000000000000000e+04 3.316230000000000198e-04 7.533739999999999803e-06 1.600000000000000000e+01 3.700000000000000000e+01
1.544452104946378995e-02 5.000000000000000000e-01 1.168071733333211570e+00 1.000000000000000000e+00 1.250000000000000000e+04 5.183339999999999606e-04 1.125930000000000077e-05 1.600000000000000000e+01 3.700000000000000000e+01
2.385332304473300816e-02 5.000000000000000000e-01 7.870211333335342951e-01 1.000000000000000000e+00 9.600000000000000000e+03 8.073509999999999888e-04 1.760170000000000124e-05 1.600000000000000000e+01 3.700000000000000000e+01
3.684031498640386731e-02 5.000000000000000000e-01 7.150469666667049751e-01 1.000000000000000000e+00 8.500000000000000000e+03 1.234290000000000083e-03 2.778880000000000065e-05 1.600000000000000000e+01 3.700000000000000000e+01
5.689810202763907754e-02 5.000000000000000000e-01 8.987210000001747412e-01 1.000000000000000000e+00 1.115000000000000000e+04 1.864680000000000070e-03 4.172330000000000082e-05 1.600000000000000000e+01 3.700000000000000000e+01
8.787639344404100938e-02 5.000000000000000000e-01 8.273562333333757124e-01 1.000000000000000000e+00 9.250000000000000000e+03 2.885889999999999896e-03 6.437070000000000357e-05 1.600000000000000000e+01 3.700000000000000000e+01
2.096144000826768161e-01 5.000000000000000000e-01 6.748390666668152571e-01 1.000000000000000000e+00 7.900000000000000000e+03 7.035569999999999671e-03 1.542070000000000094e-04 1.600000000000000000e+01 3.700000000000000000e+01
3.237394014347626525e-01 5.000000000000000000e-01 6.229383999998390209e-01 1.000000000000000000e+00 7.150000000000000000e+03 1.120669999999999999e-02 2.409160000000000088e-04 1.600000000000000000e+01 3.700000000000000000e+01
5.000000000000000000e-01 5.000000000000000000e-01 2.333323333329341553e-01 2.000000000000000000e+00 4.500000000000000000e+02 2.526229999999999976e+00 6.583959999999999813e-02 1.600000000000000000e+01 3.700000000000000000e+01
1.000000000000000021e-02 5.000000000000000000e-01 3.034073233333401731e+00 1.000000000000000000e+00 3.845000000000000000e+04 9.396899999999999697e-04 1.377989999999999998e-05 1.000000000000000000e+01 3.700000000000000000e+01
1.544452104946378995e-02 5.000000000000000000e-01 2.362064333333364630e+00 1.000000000000000000e+00 3.135000000000000000e+04 1.448510000000000075e-03 2.150269999999999997e-05 1.000000000000000000e+01 3.700000000000000000e+01
2.385332304473300816e-02 5.000000000000000000e-01 1.869227800000165418e+00 1.000000000000000000e+00 2.485000000000000000e+04 2.222969999999999894e-03 3.349809999999999696e-05 1.000000000000000000e+01 3.700000000000000000e+01
3.684031498640386731e-02 5.000000000000000000e-01 1.461434333333272662e+00 1.000000000000000000e+00 1.940000000000000000e+04 3.407949999999999868e-03 5.211569999999999977e-05 1.000000000000000000e+01 3.700000000000000000e+01
5.689810202763907754e-02 5.000000000000000000e-01 1.207060066666599596e+00 1.000000000000000000e+00 1.520000000000000000e+04 5.227709999999999996e-03 8.081159999999999722e-05 1.000000000000000000e+01 3.700000000000000000e+01
8.787639344404100938e-02 5.000000000000000000e-01 9.665390000000115833e-01 1.000000000000000000e+00 1.205000000000000000e+04 8.041190000000000143e-03 1.250660000000000118e-04 1.000000000000000000e+01 3.700000000000000000e+01
2.096144000826768161e-01 5.000000000000000000e-01 7.320650666670189821e-01 1.000000000000000000e+00 8.250000000000000000e+03 1.937660000000000077e-02 2.996839999999999856e-04 1.000000000000000000e+01 3.700000000000000000e+01
3.237394014347626525e-01 5.000000000000000000e-01 6.352598000000094780e-01 1.000000000000000000e+00 7.250000000000000000e+03 3.058850000000000111e-02 4.654330000000000142e-04 1.000000000000000000e+01 3.700000000000000000e+01
5.000000000000000000e-01 5.000000000000000000e-01 1.829838333336132050e-01 2.000000000000000000e+00 1.100000000000000000e+03 1.450280000000000000e+06 nan 1.000000000000000000e+01 3.700000000000000000e+01
1.000000000000000021e-02 5.000000000000000000e-01 1.594991233332924141e+00 1.000000000000000000e+00 2.195000000000000000e+04 1.131529999999999949e-03 1.357589999999999990e-05 8.000000000000000000e+00 3.700000000000000000e+01
1.544452104946378995e-02 5.000000000000000000e-01 3.675305066666624043e+00 1.000000000000000000e+00 5.250000000000000000e+04 2.028429999999999903e-03 2.425350000000000081e-05 8.000000000000000000e+00 3.700000000000000000e+01
2.385332304473300816e-02 5.000000000000000000e-01 3.050631933333230794e+00 1.000000000000000000e+00 4.280000000000000000e+04 3.175429999999999919e-03 3.780019999999999767e-05 8.000000000000000000e+00 3.700000000000000000e+01
3.684031498640386731e-02 5.000000000000000000e-01 2.461846566666584746e+00 1.000000000000000000e+00 3.410000000000000000e+04 4.937569999999999633e-03 5.853719999999999919e-05 8.000000000000000000e+00 3.700000000000000000e+01
5.689810202763907754e-02 5.000000000000000000e-01 1.923636433333437479e+00 1.000000000000000000e+00 2.680000000000000000e+04 7.628260000000000422e-03 9.009359999999999407e-05 8.000000000000000000e+00 3.700000000000000000e+01
8.787639344404100938e-02 5.000000000000000000e-01 1.586529599999873197e+00 1.000000000000000000e+00 2.080000000000000000e+04 1.169539999999999989e-02 1.375829999999999870e-04 8.000000000000000000e+00 3.700000000000000000e+01
2.096144000826768161e-01 5.000000000000000000e-01 9.147285999997620820e-01 1.000000000000000000e+00 1.200000000000000000e+04 2.648469999999999991e-02 3.081499999999999821e-04 8.000000000000000000e+00 3.700000000000000000e+01
3.237394014347626525e-01 5.000000000000000000e-01 7.082611666667920636e-01 1.000000000000000000e+00 9.000000000000000000e+03 3.852660000000000112e-02 4.450839999999999961e-04 8.000000000000000000e+00 3.700000000000000000e+01
5.000000000000000000e-01 5.000000000000000000e-01 5.138870666669390630e-01 1.000000000000000000e+00 5.750000000000000000e+03 5.377649999999999791e-02 6.290160000000000369e-04 8.000000000000000000e+00 3.700000000000000000e+01
1.000000000000000021e-02 5.000000000000000000e-01 2.519001599999986407e+00 1.000000000000000000e+00 3.330000000000000000e+04 6.580280000000000634e-05 5.446620000000000209e-06 5.000000000000000000e+00 3.700000000000000000e+01
1.544452104946378995e-02 5.000000000000000000e-01 1.714857566666372124e+00 1.000000000000000000e+00 2.365000000000000000e+04 8.546030000000000575e-05 7.635079999999999412e-06 5.000000000000000000e+00 3.700000000000000000e+01
2.385332304473300816e-02 5.000000000000000000e-01 1.264129633333444191e+00 1.000000000000000000e+00 1.695000000000000000e+04 1.038639999999999935e-04 1.049410000000000003e-05 5.000000000000000000e+00 3.700000000000000000e+01
3.684031498640386731e-02 5.000000000000000000e-01 1.984127666666912093e+00 2.000000000000000000e+00 2.805000000000000000e+04 6.550790000000000345e-04 4.062950000000000123e-05 5.000000000000000000e+00 3.700000000000000000e+01
5.689810202763907754e-02 5.000000000000000000e-01 1.343753566666843424e+00 2.000000000000000000e+00 1.815000000000000000e+04 8.710979999999999461e-04 6.128820000000000047e-05 5.000000000000000000e+00 3.700000000000000000e+01
8.787639344404100938e-02 5.000000000000000000e-01 9.343082666667518188e-01 2.000000000000000000e+00 1.175000000000000000e+04 1.296580000000000085e-03 9.403489999999999646e-05 5.000000000000000000e+00 3.700000000000000000e+01
2.096144000826768161e-01 5.000000000000000000e-01 4.910176333332856302e-01 2.000000000000000000e+00 4.950000000000000000e+03 9.565350000000000241e-01 nan 5.000000000000000000e+00 3.700000000000000000e+01
3.237394014347626525e-01 5.000000000000000000e-01 4.607514333332194956e-01 2.000000000000000000e+00 3.200000000000000000e+03 1.116499999999999915e+01 3.087130000000000152e-01 5.000000000000000000e+00 3.700000000000000000e+01
5.000000000000000000e-01 5.000000000000000000e-01 2.453221666664830991e-01 2.000000000000000000e+00 2.050000000000000000e+03 4.030780000000000300e-03 4.411969999999999976e-04 5.000000000000000000e+00 3.700000000000000000e+01
