101
   0.00000000    0.00000000
   0.00004950    0.00124965
   0.00050305    0.00395738
   0.00135442    0.00645321
   0.00259740    0.00888107
   0.00422578    0.01125695
   0.00623334    0.01358502
   0.00861386    0.01586658
   0.01136114    0.01810182
   0.01446895    0.02029041
   0.01793108    0.02243175
   0.02174132    0.02452501
   0.02589345    0.02656924
   0.03038125    0.02856338
   0.03519852    0.03050629
   0.04033903    0.03239679
   0.04579658    0.03423364
   0.05156494    0.03601559
   0.05763791    0.03774138
   0.06400926    0.03940976
   0.07067278    0.04101950
   0.07762226    0.04256938
   0.08485149    0.04405825
   0.09235424    0.04548498
   0.10012430    0.04684854
   0.10815546    0.04814792
   0.11644150    0.04938223
   0.12497621    0.05055062
   0.13375338    0.05165237
   0.14276678    0.05268681
   0.15201020    0.05365342
   0.16147743    0.05455173
   0.17116226    0.05538141
   0.18105846    0.05614222
   0.19115983    0.05683403
   0.20146015    0.05745682
   0.21195320    0.05801068
   0.22263276    0.05849581
   0.23349263    0.05891251
   0.24452660    0.05926120
   0.25572843    0.05954237
   0.26709192    0.05975665
   0.27861086    0.05990474
   0.29027903    0.05998743
   0.30209021    0.06000563
   0.31403819    0.05996029
   0.32611675    0.05985247
   0.33831969    0.05968329
   0.35064078    0.05945394
   0.36307381    0.05916568
   0.37561256    0.05881982
   0.38825083    0.05841772
   0.40098238    0.05796080
   0.41380102    0.05745048
   0.42670053    0.05688827
   0.43967468    0.05627567
   0.45271727    0.05561421
   0.46582208    0.05490545
   0.47898290    0.05415094
   0.49219351    0.05335226
   0.50544769    0.05251098
   0.51873923    0.05162866
   0.53206192    0.05070687
   0.54540954    0.04974717
   0.55877588    0.04875110
   0.57215472    0.04772018
   0.58553984    0.04665591
   0.59892504    0.04555978
   0.61230409    0.04443324
   0.62567078    0.04327774
   0.63901890    0.04209468
   0.65234223    0.04088543
   0.66563456    0.03965136
   0.67888967    0.03839380
   0.69210135    0.03711403
   0.70526338    0.03581335
   0.71836955    0.03449299
   0.73141364    0.03315420
   0.74438944    0.03179817
   0.75729073    0.03042610
   0.77011130    0.02903916
   0.78284493    0.02763852
   0.79548541    0.02622533
   0.80802652    0.02480073
   0.82046205    0.02336588
   0.83278578    0.02192192
   0.84499150    0.02047000
   0.85707299    0.01901129
   0.86902405    0.01754696
   0.88083844    0.01607820
   0.89250997    0.01460624
   0.90403240    0.01313230
   0.91539954    0.01165765
   0.92660516    0.01018361
   0.93764305    0.00871151
   0.94850699    0.00724273
   0.95919078    0.00577868
   0.96968818    0.00432085
   0.97999300    0.00287074
   0.99009901    0.00142991
   1.00000000   -0.00000000
101
   0.00000000    0.00000000
   0.00004950   -0.00124965
   0.00050305   -0.00395738
   0.00135442   -0.00645321
   0.00259740   -0.00888107
   0.00422578   -0.01125695
   0.00623334   -0.01358502
   0.00861386   -0.01586658
   0.01136114   -0.01810182
   0.01446895   -0.02029041
   0.01793108   -0.02243175
   0.02174132   -0.02452501
   0.02589345   -0.02656924
   0.03038125   -0.02856338
   0.03519852   -0.03050629
   0.04033903   -0.03239679
   0.04579658   -0.03423364
   0.05156494   -0.03601559
   0.05763791   -0.03774138
   0.06400926   -0.03940976
   0.07067278   -0.04101950
   0.07762226   -0.04256938
   0.08485149   -0.04405825
   0.09235424   -0.04548498
   0.10012430   -0.04684854
   0.10815546   -0.04814792
   0.11644150   -0.04938223
   0.12497621   -0.05055062
   0.13375338   -0.05165237
   0.14276678   -0.05268681
   0.15201020   -0.05365342
   0.16147743   -0.05455173
   0.17116226   -0.05538141
   0.18105846   -0.05614222
   0.19115983   -0.05683403
   0.20146015   -0.05745682
   0.21195320   -0.05801068
   0.22263276   -0.05849581
   0.23349263   -0.05891251
   0.24452660   -0.05926120
   0.25572843   -0.05954237
   0.26709192   -0.05975665
   0.27861086   -0.05990474
   0.29027903   -0.05998743
   0.30209021   -0.06000563
   0.31403819   -0.05996029
   0.32611675   -0.05985247
   0.33831969   -0.05968329
   0.35064078   -0.05945394
   0.36307381   -0.05916568
   0.37561256   -0.05881982
   0.38825083   -0.05841772
   0.40098238   -0.05796080
   0.41380102   -0.05745048
   0.42670053   -0.05688827
   0.43967468   -0.05627567
   0.45271727   -0.05561421
   0.46582208   -0.05490545
   0.47898290   -0.05415094
   0.49219351   -0.05335226
   0.50544769   -0.05251098
   0.51873923   -0.05162866
   0.53206192   -0.05070687
   0.54540954   -0.04974717
   0.55877588   -0.04875110
   0.57215472   -0.04772018
   0.58553984   -0.04665591
   0.59892504   -0.04555978
   0.61230409   -0.04443324
   0.62567078   -0.04327774
   0.63901890   -0.04209468
   0.65234223   -0.04088543
   0.66563456   -0.03965136
   0.67888967   -0.03839380
   0.69210135   -0.03711403
   0.70526338   -0.03581335
   0.71836955   -0.03449299
   0.73141364   -0.03315420
   0.74438944   -0.03179817
   0.75729073   -0.03042610
   0.77011130   -0.02903916
   0.78284493   -0.02763852
   0.79548541   -0.02622533
   0.80802652   -0.02480073
   0.82046205   -0.02336588
   0.83278578   -0.02192192
   0.84499150   -0.02047000
   0.85707299   -0.01901129
   0.86902405   -0.01754696
   0.88083844   -0.01607820
   0.89250997   -0.01460624
   0.90403240   -0.01313230
   0.91539954   -0.01165765
   0.92660516   -0.01018361
   0.93764305   -0.00871151
   0.94850699   -0.00724273
   0.95919078   -0.00577868
   0.96968818   -0.00432085
   0.97999300   -0.00287074
   0.99009901   -0.00142991
   1.00000000    0.00000000
